Bagfile: fixed_sp_allaxis
P=7500 I=200 D=200
Bagfile played from 60s for 1s.

Real Time Duraion:      1.500s
Duarion for Simulation: 1.513s

Recording started after 1s at step 800

Simulation Frequency:   800, equivalent to a Timestep of 1.25ms,
Logging Frequency:      30
Render Frequency:       30

Maximum Time Durations
Total:                  1.23ms at step 1030 (must not be larger than 1.25ms)
Control:                0.24ms
Log:                    0.29ms
Simulation:             1.15ms


RECORDING START
1647270469739959955
0.40774717926979065 0.40900149941444397 0.4242367744445801 0.44404664635658264 0.3824195861816406 0.36972203850746155 0.37753939628601074 0.38479989767074585 0.5040813684463501 0.39766737818717957 0.43831661343574524 0.45972228050231934 0.4051848351955414 0.3972054421901703 0.40715569257736206 0.3847184181213379 0.09614075720310211 0.12851834297180176 0.11135305464267731 0.1584489345550537 0.17158323526382446 0.21875925362110138 0.1706666350364685 0.16594353318214417 0.20744433999061584 0.15767113864421844 0.046615272760391235 0.04684748873114586 0.04596294090151787 0.0 0.05029720067977905 0.0 0.04672761633992195 0.04756950959563255 0.0 0.0475701168179512 0.0 0.04596245661377907
0.43043438406642887 0.40728400312144764 0.4165056739878411 0.4397324864137256 0.3589352521995188 0.35475104218942594 0.385574635676187 0.3687298586880909 0.516381964873941 0.39540193057957385 0.4290123530566889 0.44655087512733505 0.39182001266655675 0.38425249270580264 0.41203090073602644 0.3861845684291045 0.09532741876211005 0.12953228892076082 0.11142088620486204 0.15843690808284278 0.1345372178719492 0.20704357434539697 0.15128771383652298 0.18843712041734673 0.214310844195948 0.2081713038006522 0.04659427432236426 0.046848114415840504 0.04598287898037573 0.07032895892703206 0.05029678297512457 0.07032083293624791 0.04672542047581411 0.0475714700560309 0.06830933989778233 0.047572309810894234 0.06859460352623281 0.04596045653542705
-152.0 -29.07799201168778 0.0 -16.296401141709268 0.0 0.0 -128.9044640242048 0.0 -142.53847213904237 -18.510291187523492 0.0 0.0 0.0 0.0 -81.14802367016415 -55.96762993034216 -0.5458460968075451 -23.944157605232988 -11.415944083630297 -16.548430986318557 0.0 -15.640247646114599 -6.304002345678654 -29.38671684706373 -25.534797638613977 -152.0 -4.590792167036489 -4.775018509534165 -4.844027274836594 0.0 -5.134872407866102 0.0 -4.748978918683177 -4.8677061428024055 0.0 -4.869358796263944 0.0 -4.672262116226726

1647270469772493124
0.40810948610305786 0.40881961584091187 0.4244999885559082 0.44389915466308594 0.38398072123527527 0.37164774537086487 0.3789729177951813 0.3862972557544708 0.5040814280509949 0.39766737818717957 0.43831661343574524 0.45972228050231934 0.4051848351955414 0.3972054421901703 0.40715569257736206 0.3847184181213379 0.09646403789520264 0.12817047536373138 0.11135303229093552 0.1584489494562149 0.17158323526382446 0.21875925362110138 0.1706666350364685 0.16594353318214417 0.20744433999061584 0.15767113864421844 0.046615272760391235 0.04684748873114586 0.04596294090151787 0.0 0.05029720067977905 0.0 0.04672761633992195 0.04756950959563255 0.0 0.0475701168179512 0.0 0.04596245661377907
0.4300570435853633 0.40694203864015616 0.41730883095995364 0.4394251226112068 0.3630062483216675 0.3584386965901676 0.389502113947365 0.3730060731302664 0.5156930216499236 0.39463821514337716 0.4281616491304339 0.44531671559150804 0.39165339993538517 0.3847085580442038 0.4122022075692937 0.3870256467229401 0.09516716490778325 0.12969640527922635 0.11134014572918287 0.1585201907049396 0.1348908784650548 0.20626283274967155 0.149557580668189 0.1905384658837118 0.21295906338298445 0.20683279164681692 0.04659337413982765 0.046846846092825495 0.045983753366183835 0.07032898305143541 0.05029798455416004 0.07032092508397894 0.04672532207153824 0.047571604726349824 0.06830935665428114 0.047572406331047465 0.0685945983570244 0.045960323939969856
-152.0 -25.702146422746736 0.0 -12.711440013141093 0.0 0.0 -148.91821369290312 0.0 -138.02926675285207 -13.262478839782723 0.0 0.0 0.0 0.0 -82.68478264053797 -61.76332144092906 0.0 -26.335414357878612 -10.769279889979972 -17.215566347436855 0.0 -15.607314415423668 -5.8350940243119975 -30.810954493393265 -24.669178810511703 -152.0 -4.5781638542084995 -4.759411669283257 -4.856302272371504 0.0 -5.149709582675454 0.0 -4.748269988556443 -4.868791648354565 0.0 -4.870049778416036 0.0 -4.6712012100945515

1647270469804948806
0.4083167314529419 0.40862661600112915 0.4246811270713806 0.44375622272491455 0.38517993688583374 0.373195081949234 0.3801233172416687 0.38748452067375183 0.5040814280509949 0.39766737818717957 0.43831661343574524 0.45972228050231934 0.4051848351955414 0.3972054421901703 0.40715569257736206 0.3847183883190155 0.09672258794307709 0.12789370119571686 0.11135301738977432 0.1584489643573761 0.17158323526382446 0.21875925362110138 0.1706666350364685 0.16594353318214417 0.20744433999061584 0.15767113864421844 0.046615272760391235 0.04684748873114586 0.04596294090151787 0.0 0.05029720067977905 0.0 0.04672761633992195 0.04756950959563255 0.0 0.0475701168179512 0.0 0.04596245661377907
0.42941672498194666 0.40625385677514003 0.4178562621068825 0.4387605195989077 0.3672117089866647 0.36251153201627473 0.39355390768670817 0.3774954186653295 0.5151301569918758 0.39399348679264545 0.42748588170993707 0.44432935844477844 0.3916014121160558 0.3851562491461857 0.4123947954640521 0.38774436594649586 0.09521932682801795 0.12964299881876182 0.11126074578862977 0.15860203429487524 0.13477901714827256 0.20719569692834577 0.14977690953132552 0.1933843977945102 0.2107676291618899 0.20471152327882472 0.046591363632688135 0.04684442642290828 0.04598570808215106 0.07032907586001613 0.05030028682632653 0.0703210748974227 0.04672523028576299 0.04757174859356056 0.06830937729793327 0.0475724956675925 0.06859458971025653 0.045960183533854546
-152.0 -20.09558984730302 0.0 -6.950878103376134 0.0 0.0 -152.0 0.0 -134.73852486960004 -9.252355269837878 0.0 0.0 0.0 0.0 -84.21910632064424 -66.31748026295415 0.0 -26.9707817409801 -10.221226631885944 -17.78053789494419 0.0 -16.492772425788782 -6.364527651834669 -32.61239424550409 -23.355364729736046 -152.0 -4.556646068712571 -4.734844065922382 -4.877222515064106 0.0 -5.173116701628001 0.0 -4.747600581369367 -4.869931627130219 0.0 -4.870697881874437 0.0 -4.67009406432527

1647270469837502717
0.40840333700180054 0.40840670466423035 0.42475321888923645 0.4435621500015259 0.386085569858551 0.374416321516037 0.38101017475128174 0.38843145966529846 0.5040814280509949 0.39766737818717957 0.43831661343574524 0.45972228050231934 0.4051848351955414 0.3972054421901703 0.40715569257736206 0.3847184181213379 0.0968998372554779 0.12770633399486542 0.11135295033454895 0.15844903886318207 0.17158323526382446 0.21875925362110138 0.1706666350364685 0.16594353318214417 0.20744433999061584 0.15767113864421844 0.046615272760391235 0.04684748873114586 0.04596294090151787 0.0 0.05029720067977905 0.0 0.04672761633992195 0.04756950959563255 0.0 0.0475701168179512 0.0 0.04596245661377907
0.4285886164100209 0.4052763021242757 0.4182131270107886 0.4378469940415447 0.3715164278055319 0.3668808533333624 0.39766022583851734 0.38210138636301005 0.5147336316772726 0.3935189366985754 0.42702686018323766 0.4436476455407119 0.39164834897201584 0.38555755572283024 0.4125865185494283 0.3882973433241531 0.09550328872545338 0.1293520527879457 0.11121683817909331 0.1586472816990966 0.13450828649703161 0.2095036792017336 0.15161025508179019 0.19691502350621468 0.20771874154814085 0.201911674397373 0.0465885433898233 0.04684117602993087 0.04598845028632386 0.07032922020258525 0.05030338314578074 0.07032126433699493 0.046725145722093755 0.04757190167684063 0.0683094019634181 0.047572577196847564 0.06859457743573877 0.04596003535508533
-152.0 -12.893889992747361 0.0 -0.393345954521493 0.0 -12.008868657504983 -152.0 -19.496542948850745 -132.8869311063018 -6.76263743486534 0.0 0.0 0.0 0.0 -85.65244220214036 -69.44918158799986 -0.03101621856228398 -24.731106901286225 -10.332348212207721 -17.666540208887085 0.0 -17.85923728022789 -7.508206754987302 -34.75147187159789 -21.585898608110003 -152.0 -4.531265778339761 -4.706187703906211 -4.901898180707059 0.0 -5.200427252205675 0.0 -4.746996610492296 -4.871151769146125 0.0 -4.87127537495809 0.0 -4.668919553835728

1647270469872627496
0.40842166543006897 0.40839895606040955 0.4247629940509796 0.44355693459510803 0.38614925742149353 0.37449049949645996 0.3810651898384094 0.38848769664764404 0.5040814280509949 0.39766737818717957 0.43831661343574524 0.45972228050231934 0.4051848351955414 0.3972054421901703 0.40715569257736206 0.3847184181213379 0.09691336750984192 0.12769131362438202 0.11135295033454895 0.15844903886318207 0.17158323526382446 0.21875925362110138 0.1706666350364685 0.16594353318214417 0.20744433999061584 0.15767113864421844 0.046615272760391235 0.04684748873114586 0.04596294090151787 0.0 0.05029720067977905 0.0 0.04672761633992195 0.04756950959563255 0.0 0.0475701168179512 0.0 0.04596245661377907
0.4276966424331753 0.40412851618944995 0.418446863992484 0.4368462312674148 0.3757019650510251 0.3712760718737873 0.40158630649716565 0.38650321415411637 0.514530828402525 0.39325057861667034 0.4268127309636818 0.443310727575118 0.39178135617066934 0.3858867502609337 0.41276137134092195 0.388656964300364 0.09593500511138342 0.1289090452242836 0.11122274840446834 0.15864120775610058 0.13465796550447343 0.2120759339699868 0.15390656216516763 0.2010186083949705 0.20374190149036622 0.19857770264906835 0.046584899037204676 0.04683704104475988 0.04599199409130938 0.0703294089208239 0.05030732397134082 0.07032150403447072 0.04672505977594381 0.047572054916418374 0.06830942636507405 0.04757266014534341 0.06859456547163335 0.04595988690645222
-152.0 -3.767067730827648 -0.04857793930872134 0.0 0.0 -43.38407109053266 -152.0 -49.653767321004025 -132.62504316844868 -6.01108959883468 0.0 0.0 0.0 0.0 -86.84585221211606 -70.95783228183174 -3.418142491502646 -21.26083781771293 -10.396655311680338 -17.600663205969916 0.0 -19.001176985063893 -8.472960577777657 -37.16619833694857 -19.32921177415289 -152.0 -4.497577465194489 -4.668443460899842 -4.934655844416973 0.0 -5.236409926361777 0.0 -4.746345580519989 -4.872353054612415 0.0 -4.871902501006342 0.0 -4.667757325414534

1647270469905066490
0.40842166543006897 0.40839895606040955 0.4247629940509796 0.44355693459510803 0.38614925742149353 0.37449049949645996 0.3810651898384094 0.38848769664764404 0.5040814280509949 0.39766737818717957 0.43831661343574524 0.45972228050231934 0.4051848351955414 0.3972054421901703 0.40715569257736206 0.3847184181213379 0.09691336750984192 0.12769131362438202 0.11135292053222656 0.15844905376434326 0.17158323526382446 0.21875925362110138 0.1706666350364685 0.16594353318214417 0.20744433999061584 0.15767113864421844 0.046615272760391235 0.04684748873114586 0.04596294090151787 0.0 0.05029720067977905 0.0 0.04672761633992195 0.04756950959563255 0.0 0.0475701168179512 0.0 0.04596245661377907
0.426868994299632 0.40297361241010565 0.41857801710633163 0.4358892208402674 0.3793833192317243 0.3752493483191097 0.4049759933995998 0.39027616887363037 0.5145284849255836 0.39320297405873594 0.42684630136471624 0.4433247379631996 0.3919759859954691 0.386116685103811 0.4129012715766488 0.388805967719002 0.09629457718859173 0.1285394494704015 0.11122463414769937 0.15863926787318047 0.13530891417533839 0.2136595639209089 0.1550811197770748 0.20557775902952177 0.19894739398446842 0.19469270919252413 0.04657972749816031 0.046831269861843876 0.04599702301206674 0.07032968063697191 0.05031282656939066 0.07032183541667447 0.04672496796131561 0.047572210057911485 0.06830944994861878 0.04757274907089605 0.0685945546036569 0.04595973618500453
-152.0 0.0 -0.24610530193891123 0.0 -11.608558914123371 -69.54225102196304 -152.0 -73.36300127045587 -133.82761254427737 -6.907049198234063 0.0 0.0 0.0 0.0 -87.69977949136475 -70.86628855717876 -5.23136262617615 -19.39501068319182 -10.391365966497007 -17.606595038256234 0.0 -19.339413171856563 -8.456179491273225 -39.81031755992259 -16.66729162107221 -152.0 -4.4470918344256205 -4.612805586421327 -4.983744552129918 0.0 -5.289471566735079 0.0 -4.745562677258137 -4.873487117706142 0.0 -4.87266750004634 0.0 -4.666645924210006

1647270469937615394
0.40861478447914124 0.4080665111541748 0.42489367723464966 0.44329071044921875 0.38759544491767883 0.37638118863105774 0.38244450092315674 0.38992950320243835 0.5040814280509949 0.39766737818717957 0.43831661343574524 0.45972228050231934 0.4051848351955414 0.3972054421901703 0.40715569257736206 0.3847183883190155 0.09722468256950378 0.12735725939273834 0.11135292053222656 0.15844905376434326 0.17158323526382446 0.21875925362110138 0.1706666350364685 0.16594353318214417 0.20744433999061584 0.15767113864421844 0.046615272760391235 0.04684748873114586 0.04596294090151787 0.0 0.05029720067977905 0.0 0.04672761633992195 0.04756950959563255 0.0 0.0475701168179512 0.0 0.04596245661377907
0.4261380780141373 0.40190686658009694 0.41854697298991406 0.4350172416420919 0.3822712120926386 0.37845595861319536 0.4076053451044525 0.39320207539205365 0.5147131272129895 0.39336217269729734 0.427111265133985 0.44366674034158216 0.39222731336144545 0.38625353832563786 0.41300782861032914 0.3887584082217144 0.09653191067683035 0.12829519137532308 0.11122534912532839 0.15863853277980156 0.1361799207809352 0.21347286040700567 0.15420235001864535 0.21059252780264517 0.19324572161703743 0.18987970378294478 0.04657227973642901 0.04682308899221952 0.0460042640209611 0.07033008117562237 0.05032062857702974 0.07032229481822301 0.04672487032557557 0.047572360388377304 0.0683094709613072 0.04757284418505858 0.06859454615319482 0.045959589335430096
-152.0 0.0 0.0 0.0 -17.447675361971733 -74.51750063416941 -152.0 -79.49050786203895 -136.31431755095085 -9.204228607843689 0.0 0.0 0.0 0.0 -88.38648933484788 -69.47728040723524 -4.230816010152332 -20.527068904098385 -10.39397343261874 -17.604302065452373 0.0 -18.65959298850741 -7.317132030496882 -42.73704356053406 -13.42725176763665 -152.0 -4.377531256085754 -4.5371419593660915 -5.051359485331063 0.0 -5.361635402670542 0.0 -4.744768621499427 -4.874587661552275 0.0 -4.873445653711048 0.0 -4.665563510664296

1647270469970296621
0.40873557329177856 0.40778279304504395 0.4249536395072937 0.44305849075317383 0.3886544704437256 0.3777729570865631 0.3834491968154907 0.39098599553108215 0.5040814280509949 0.39766737818717957 0.43831661343574524 0.45972228050231934 0.4051848351955414 0.3972054421901703 0.40715569257736206 0.3847183883190155 0.09742403030395508 0.12714076042175293 0.11135291308164597 0.15844906866550446 0.17158323526382446 0.21875925362110138 0.1706666350364685 0.16594353318214417 0.20744433999061584 0.15767113864421844 0.046615272760391235 0.04684748873114586 0.04596294090151787 0.0 0.05029720067977905 0.0 0.04672761633992195 0.04756950959563255 0.0 0.0475701168179512 0.0 0.04596245661377907
0.4255048506761442 0.4009905477870442 0.41836378744485325 0.4342362409577395 0.3842591108723994 0.3807382266265355 0.409420305815281 0.39525359700222884 0.5150590217274931 0.3936963631140017 0.4275799839333056 0.44429708731855744 0.3925432658239396 0.38632338695910273 0.4130946841182691 0.3885457825791758 0.09670268646504494 0.12811928094973446 0.11122581834417827 0.15863805092481437 0.1372391027019503 0.21147933438962535 0.15190908499862757 0.21620318013496148 0.1859220290252179 0.18335390221500136 0.04656266105141951 0.046812624053022445 0.04601361227474648 0.07033060540060208 0.05033060788496257 0.07032287083417735 0.04672476708183898 0.04757250538591391 0.06830948931223774 0.047572945288195057 0.06859454017184469 0.04595944685469022
-152.0 0.0 0.0 0.0 -18.97862490687018 -75.5502911991704 -152.0 -81.89098395473994 -139.85332477710733 -12.626888671212587 0.0 0.0 0.0 0.0 -88.97978759671219 -67.00174337669671 -3.7342080648774614 -21.12296451189323 -10.395614347372186 -17.60294362239937 0.0 -17.164458117901194 -5.872086447049366 -46.036458808040926 -9.03313616576574 -152.0 -4.293681200304737 -4.446515284932581 -5.13282621667933 0.0 -5.4480452889015245 0.0 -4.743947784146923 -4.875667762632799 0.0 -4.874252209325385 0.0 -4.664497366000599

1647270470002562284
0.4088146388530731 0.4074079096317291 0.4249964952468872 0.44276291131973267 0.3898618817329407 0.37940648198127747 0.3846256136894226 0.39221394062042236 0.5040814280509949 0.39766737818717957 0.43831661343574524 0.4597223103046417 0.4051848351955414 0.3972054421901703 0.40715569257736206 0.3847183883190155 0.09767668694257736 0.12686970829963684 0.11135289818048477 0.15844908356666565 0.17158323526382446 0.21875925362110138 0.1706666350364685 0.16594353318214417 0.20744433999061584 0.15767113864421844 0.046615272760391235 0.04684748873114586 0.04596294090151787 0.0 0.05029720067977905 0.0 0.04672761633992195 0.04756950959563255 0.0 0.0475701168179512 0.0 0.04596245661377907
0.42497363442336566 0.40027359849043703 0.41806025694070104 0.43355319896509326 0.38534471024669203 0.3820565471265259 0.41044624202281144 0.3964779713692218 0.5155354012884863 0.3941692928840944 0.42821793533214036 0.4451688087583292 0.39292410003212624 0.38634432170592636 0.4131707467018412 0.38819547645343766 0.09685930850406248 0.12795783791585413 0.11122623101276773 0.15863762473547904 0.138437526674958 0.20850161750204302 0.15054348196899445 0.2227237129459689 0.17553314160865952 0.1742377515401723 0.04655166351174293 0.046800724760586214 0.04602429539237293 0.07033120860517503 0.05034195121387106 0.07032351406803566 0.046724658672291065 0.047572645093183846 0.06830950511054347 0.047573051922573883 0.06859453654123471 0.045959308744072974
-152.0 0.0 0.0 0.0 -13.060533679912432 -67.81703286984028 -152.0 -77.3943001012175 -144.17237971172372 -16.853816773075916 0.0 0.0 0.0 0.0 -89.5552770216893 -63.67647269167985 -3.1994092743224662 -21.75473332522484 -10.3981787236616 -17.60065080110999 0.0 -15.496788024377548 -5.7306854754840195 -50.02512060360998 -2.551433997373916 -85.70144163238426 -4.206520686967027 -4.352661144091776 -5.217458883342347 0.0 -5.537488860375823 0.0 -4.743084342255445 -4.876700713666949 0.0 -4.875104523442297 0.0 -4.66347047775012

1647270470035043239
0.4088099002838135 0.4072718620300293 0.4250071346759796 0.4426627457141876 0.3902449309825897 0.3799515962600708 0.3850201666355133 0.39261943101882935 0.5040814280509949 0.39766737818717957 0.43831661343574524 0.4597223103046417 0.4051848351955414 0.3972054421901703 0.40715569257736206 0.3847183883190155 0.09775576740503311 0.12678633630275726 0.11135289072990417 0.15844909846782684 0.17158323526382446 0.21875925362110138 0.1706666350364685 0.16594353318214417 0.20744433999061584 0.15767113864421844 0.046615272760391235 0.04684748873114586 0.04596294090151787 0.0 0.05029720067977905 0.0 0.04672761633992195 0.04756950959563255 0.0 0.0475701168179512 0.0 0.04596245661377907
0.42456856504850227 0.3997909836541408 0.4177088864755967 0.433007199870999 0.3856655163970728 0.3825294291075812 0.41080709962186035 0.3970014501258699 0.5161050225743813 0.39473645456766365 0.42898353207201817 0.44622467274511807 0.39337237368558786 0.38634202060645173 0.413248662048756 0.3877436161882879 0.09706099981301304 0.12774978071642748 0.11122669678317888 0.15863714051508598 0.13985686409839174 0.2019912286339601 0.14945145760334147 0.2287984716211626 0.16444430626165707 0.16286463547033775 0.04654090649688736 0.046789107545683876 0.046034739109366035 0.07033179908582446 0.05035302019959767 0.07032413257655132 0.04672454487313626 0.047572778170139864 0.06830951795750717 0.04757316437125886 0.06859453558057686 0.045959176208560666
-152.0 0.0 0.0 0.0 -8.32309637610625 -62.53464828705634 -152.0 -74.36661648651369 -148.96605433621096 -21.517207573861754 0.0 0.0 0.0 0.0 -90.22726025419922 -59.81802900277954 -4.260609340762943 -20.674064673391236 -10.401242027363255 -17.597769788341925 0.0 -10.033421934568223 -4.370174764618005 -52.60316022920481 0.0 0.0 -4.130541246016293 -4.270754127496539 -5.291188830938793 0.0 -5.615496536048592 0.0 -4.7421801996747925 -4.8776777954662025 0.0 -4.8760009742813395 0.0 -4.662490989016864

1647270470067573785
0.40887418389320374 0.40719789266586304 0.4250287711620331 0.44261083006858826 0.39055487513542175 0.38032934069633484 0.3852939009666443 0.3928969204425812 0.5040814280509949 0.39766740798950195 0.43831661343574524 0.4597223103046417 0.4051848351955414 0.3972054421901703 0.40715569257736206 0.3847183883190155 0.09782612323760986 0.12670785188674927 0.11135289072990417 0.15844909846782684 0.17158323526382446 0.21875925362110138 0.1706666350364685 0.16594353318214417 0.20744433999061584 0.15767113864421844 0.046615272760391235 0.04684748873114586 0.04596294090151787 0.0 0.05029720067977905 0.0 0.04672761633992195 0.04756950959563255 0.0 0.0475701168179512 0.0 0.04596245661377907
0.42431265027587994 0.3995607961715734 0.4173670194855389 0.43263575231480295 0.3853416656644682 0.3822728711454516 0.41060144890392236 0.39691806695715853 0.5167286167527043 0.3953505922037001 0.4298329469321403 0.447403473527458 0.3938925504229049 0.38634808480019056 0.4133435296359006 0.3872325223556391 0.09728479637862776 0.12751871277747712 0.1112272895037526 0.15863652545445212 0.14135591951836174 0.196736095237267 0.1489525582549928 0.23023545451346317 0.1607259965513314 0.15729423634254674 0.04653181188576167 0.046779275320795025 0.04604356396494989 0.07033229791284024 0.050362383116020794 0.07032464876423028 0.046724426295002675 0.047572903673350854 0.0683095277472425 0.04757328204158072 0.06859453731945768 0.04595905016588017
-152.0 0.0 0.0 0.0 -0.13691846398315732 -53.921908599291044 -152.0 -68.43775722697711 -152.0 -26.26323996356055 0.0 0.0 0.0 0.0 -91.11842508880758 -55.76832651824273 -5.4980257967726684 -19.440607610808062 -10.406094138897071 -17.593130566841438 0.0 -10.615236425792624 -4.565755332597522 -52.37717946636103 0.0 -30.083663361207066 -4.07505812986343 -4.210766461926928 -5.344994699258897 0.0 -5.672588604694249 0.0 -4.74124801615001 -4.878594874199668 0.0 -4.876928670858263 0.0 -4.661563824643694

1647270470100057601
0.40888550877571106 0.4067665636539459 0.42504698038101196 0.4422987401485443 0.39174360036849976 0.381985068321228 0.38648709654808044 0.3941165804862976 0.5040814280509949 0.39766740798950195 0.43831661343574524 0.4597223103046417 0.4051848351955414 0.3972054421901703 0.40715569257736206 0.3847183883190155 0.09812311828136444 0.12639200687408447 0.11135287582874298 0.15844911336898804 0.17158323526382446 0.21875925362110138 0.1706666350364685 0.16594353318214417 0.20744433999061584 0.15767113864421844 0.046615272760391235 0.04684748873114586 0.04596294090151787 0.0 0.05029720067977905 0.0 0.04672761633992195 0.04756950959563255 0.0 0.0475701168179512 0.0 0.04596245661377907
0.42420375268402394 0.39955807614803146 0.4170648638804956 0.4324440028061437 0.3845175470457364 0.38144491679100445 0.40994689402187934 0.39634327164066724 0.5173720214407715 0.39597030631695795 0.4307282370962052 0.44865167384052196 0.3944904390150814 0.38639452800259233 0.4134700175546009 0.3867014241985621 0.09750885450013476 0.12728715568257287 0.11122808981459185 0.1586356996185522 0.1410827661095856 0.19774102485667974 0.14872933226893786 0.22987146419592192 0.16178157365123536 0.15861062107753823 0.04652560667848688 0.046772520365083406 0.04604958172862981 0.07033263777158044 0.05036881104497365 0.07032499857233819 0.04672430635532467 0.04757302130366394 0.06830953517141651 0.047573401421389334 0.06859454095591665 0.04595893119938318
-152.0 0.0 0.0 0.0 0.0 -32.55260278405103 -152.0 -52.58916819677318 -152.0 -30.841889118158655 0.0 0.0 0.0 0.0 -92.32648877540554 -51.76613290687735 -5.1965847231234505 -19.819179022411785 -10.41241289414965 -17.587004826262724 0.0 -10.79122300746302 -4.403830700253689 -52.68215996722463 0.0 -33.77733505648245 -4.047939833769102 -4.180931144253228 -5.371268257102812 0.0 -5.700946630780992 0.0 -4.740328720980838 -4.879453104347955 0.0 -4.877845363389257 0.0 -4.660691641935084

1647270470132809400
0.40880391001701355 0.4063725173473358 0.4249918460845947 0.441987544298172 0.3925866186618805 0.38322094082832336 0.3873584568500519 0.39503344893455505 0.5040814280509949 0.39766740798950195 0.43831661343574524 0.4597223103046417 0.4051848351955414 0.3972054421901703 0.40715569257736206 0.3847183883190155 0.09831271320581436 0.12619303166866302 0.11135286092758179 0.15844912827014923 0.17158323526382446 0.21875925362110138 0.1706666350364685 0.16594353318214417 0.20744433999061584 0.15767113864421844 0.046615272760391235 0.04684748873114586 0.04596294090151787 0.0 0.05029720067977905 0.0 0.04672761633992195 0.04756950959563255 0.0 0.0475701168179512 0.0 0.04596245661377907
0.42420250299869633 0.39969825054678865 0.4168162615182857 0.43239099726332897 0.3834475469348658 0.3803320874582852 0.4090588493444538 0.3954973421721708 0.5180086681762015 0.39656329649700994 0.43163992423679254 0.44992761078719207 0.3951716267223989 0.3865096420767852 0.4136401478436592 0.38618281759186446 0.09784414594425486 0.12694023247879277 0.1112290487422996 0.1586347119790178 0.14102503580532486 0.19794519857100243 0.14869984470375253 0.22979745151450034 0.16198720700280528 0.1588738509589936 0.04652352052666319 0.04677014645967318 0.04605160202114673 0.0703327533105363 0.050371064790512926 0.07032511600447569 0.04672418740356386 0.047573130961298234 0.06830954073437381 0.04757352009212004 0.06859454591672354 0.045958819613166474
-152.0 0.0 0.0 0.0 0.0 -13.91253862381921 -152.0 -38.24949097184839 -152.0 -35.048490063357114 0.0 0.0 0.0 0.0 -93.9268117306708 -48.04393347079001 -6.876652579469897 -18.100861280666624 -10.419890392929728 -17.579694125740744 0.0 -10.627951995274838 -4.269726480875498 -53.109919029514984 0.0 -32.41886327095823 -4.0563158639584636 -4.188741711094286 -5.363111012965706 0.0 -5.693450160675692 0.0 -4.739423636347344 -4.880251980675154 0.0 -4.8787497112850655 0.0 -4.659875018995976

1647270470165102481
0.40880391001701355 0.4063725173473358 0.4249918460845947 0.441987544298172 0.3925866186618805 0.38322094082832336 0.3873584568500519 0.39503344893455505 0.5040814280509949 0.39766740798950195 0.43831661343574524 0.4597223103046417 0.4051848351955414 0.3972054421901703 0.40715569257736206 0.3847183883190155 0.09831271320581436 0.12619303166866302 0.11135286092758179 0.15844912827014923 0.17158323526382446 0.21875925362110138 0.1706666350364685 0.16594353318214417 0.20744433999061584 0.15767113864421844 0.046615272760391235 0.04684748873114586 0.04596294090151787 0.0 0.05029720067977905 0.0 0.04672761633992195 0.04756950959563255 0.0 0.0475701168179512 0.0 0.04596245661377907
0.4243220656750736 0.3999665666728065 0.4166742843760838 0.4325034046510783 0.38231357988363257 0.3791237271240353 0.40808313469403146 0.3945107406635522 0.5186150751944323 0.3971015992909276 0.4325408018657797 0.45119283330947046 0.3959384539228645 0.3867188272097597 0.4138631213925862 0.3857085499749593 0.09820417424498683 0.12656716785429495 0.11123158242604175 0.15863210390723792 0.14101709131541232 0.19796974024806785 0.1486981278979936 0.22979004060697591 0.1620097475473271 0.15890526630661786 0.046523403561389336 0.04676987722020216 0.04605171172515071 0.07033276405875882 0.05037131402154744 0.07032512022623996 0.046724069712368345 0.04757323312538217 0.06830954462678603 0.04757363775437372 0.0685945520350266 0.04595871499326212
-152.0 0.0 0.0 0.0 0.0 -4.513479729117407 -152.0 -30.1878207326228 -152.0 -38.68658564399864 -5.231969756600698 0.0 0.0 0.0 -95.9707678860225 -44.842716353051486 -9.315007712930402 -15.572607621159573 -10.460507729606357 -17.538249700434463 0.0 -10.486466060158875 -4.128129194167334 -53.527445579049356 0.0 -32.16503247896967 -4.056543697008722 -4.188181198097352 -5.362857951627042 0.0 -5.693933751390203 0.0 -4.738519196878432 -4.881001805064562 0.0 -4.87965530576221 0.0 -4.659103297989277

1647270470197556018
0.4088170826435089 0.4058283269405365 0.4249177873134613 0.4415655732154846 0.393860399723053 0.3849553167819977 0.38857561349868774 0.3963002562522888 0.5040814280509949 0.39766740798950195 0.43831661343574524 0.4597223103046417 0.4051848351955414 0.3972054421901703 0.40715569257736206 0.3847183883190155 0.09859795868396759 0.1258818656206131 0.11135285347700119 0.15844912827014923 0.17158323526382446 0.21875925362110138 0.1706666350364685 0.16594353318214417 0.20744433999061584 0.15767113864421844 0.046615272760391235 0.04684748873114586 0.04596294090151787 0.0 0.05029720067977905 0.0 0.04672761633992195 0.04756950959563255 0.0 0.0475701168179512 0.0 0.04596245661377907
0.4245315444005654 0.40031115490020475 0.41663943471113596 0.43274433148326524 0.3812601642025246 0.377978037531388 0.4071475378970185 0.3935175074579836 0.519166594193113 0.3975572922891617 0.4333994571922958 0.45240255699791854 0.396785817610916 0.3870450502165431 0.4141448606883459 0.3853135064481979 0.0985588692230897 0.12619907478238457 0.11124118130402569 0.15862221683655547 0.14101682815268018 0.19797013038210676 0.14869850201473778 0.22979026598834706 0.16200941660998047 0.15890538168598112 0.04652332910596864 0.04676968097804475 0.046051779912497835 0.07033277802668172 0.0503714941732237 0.07032511492019836 0.046723951432467235 0.047573328915204015 0.0683095467321738 0.047573756272054374 0.06859455954895542 0.045958616147400044
-152.0 -3.0665190134002813 0.0 0.0 0.0 0.0 -152.0 -13.56896330732799 -152.0 -41.55451961411945 -11.311731706469722 0.0 0.0 0.0 -98.48111566858869 -42.434207389486346 -9.889823541280542 -15.088393924976259 -10.582412272659763 -17.413102154610904 0.0 -10.349941752234601 -3.9856513072637085 -53.943061278600844 0.0 -32.132612167980795 -4.055398695383822 -4.186338850824897 -5.363934874369372 0.0 -5.695640999931865 0.0 -4.737607697914747 -4.881708097930053 0.0 -4.8805698805330255 0.0 -4.658370725050569

1647270470230052947
0.4086931049823761 0.40537136793136597 0.4247990846633911 0.44119760394096375 0.39467117190361023 0.3861564099788666 0.38940343260765076 0.39718157052993774 0.5040814280509949 0.39766740798950195 0.43831661343574524 0.4597223103046417 0.4051848351955414 0.3972054421901703 0.40715569257736206 0.3847183883190155 0.09878147393465042 0.12568798661231995 0.11135283857584 0.15844914317131042 0.17158323526382446 0.21875925362110138 0.1706666350364685 0.16594353318214417 0.20744433999061584 0.15767113864421844 0.046615272760391235 0.04684748873114586 0.04596294090151787 0.0 0.05029720067977905 0.0 0.04672761633992195 0.04756950959563255 0.0 0.0475701168179512 0.0 0.04596245661377907
0.42479209054888334 0.4006829154381996 0.4166930046557323 0.43306333885912773 0.38037489321102147 0.3769934630365968 0.4063365568138183 0.39261573541246386 0.5196454426393426 0.39791183099442895 0.4341896932737974 0.4535198687335672 0.3977002908898798 0.3874988259235047 0.41448400853058487 0.385022320339225 0.09887195761816293 0.12587370243103085 0.11125711339397114 0.15860580153689569 0.14101666888846295 0.1979702822003032 0.1486989174263543 0.22979056820103316 0.16200878029619056 0.15890506842601426 0.046523248035102584 0.046769496962606565 0.046051854319519275 0.07033279622475415 0.05037166298270209 0.07032510498323226 0.04672383454743658 0.047573420387902916 0.06830954803341907 0.04757387351969882 0.06859456755408046 0.045958521374277646
-152.0 -9.214154230758261 0.0 0.0 0.0 0.0 -152.0 -0.9581805242961252 -152.0 -43.60090460698759 -16.753122101154457 -4.581072154981335 0.0 0.0 -101.3751272547886 -40.88096079430946 -10.540513508245592 -14.435142954734076 -10.71510544155885 -17.276740094216876 0.0 -10.215024832589103 -3.843053367159685 -54.35816817424189 0.0 -32.14145176514569 -4.054144492074012 -4.184515395619084 -5.365116266360318 0.0 -5.697332302433797 0.0 -4.736717206329638 -4.882408667940372 0.0 -4.8814630181046015 0.0 -4.657645276808805

