Bagfile: fixed_sp_allaxis
P=7500 I=200 D=200
Bagfile played from 60s for 1s.

Real Time Duraion:      1.500s
Duarion for Simulation: 1.501s

Recording started after 1s at step 400

Simulation Frequency:   400, equivalent to a Timestep of 2.50ms,
Logging Frequency:      60
Render Frequency:       OFF

Maximum Time Durations
Total:                  1.36ms at step 200 (must not be larger than 2.50ms)
Control:                0.92ms
Log:                    0.33ms
Simulation:             0.65ms


RECORDING START
1647266442534039020
0.40774717926979065 0.40900149941444397 0.4242367744445801 0.44404664635658264 0.3824195861816406 0.36972203850746155 0.37753939628601074 0.38479989767074585 0.5040813684463501 0.39766737818717957 0.43831661343574524 0.45972228050231934 0.4051848351955414 0.3972054421901703 0.40715569257736206 0.3847184181213379 0.09614075720310211 0.12851834297180176 0.11135305464267731 0.1584489345550537 0.17158323526382446 0.21875925362110138 0.1706666350364685 0.16594353318214417 0.20744433999061584 0.15767113864421844 0.046615272760391235 0.04684748873114586 0.04596294090151787 0.0 0.05029720067977905 0.0 0.04672761633992195 0.04756950959563255 0.0 0.0475701168179512 0.0 0.04596245661377907
0.4389341346504877 0.4157397412305915 0.43034254007868783 0.4532325364888483 0.37652866606851887 0.36521374787894223 0.3985972181899987 0.37554374849271643 0.5212409753557204 0.3995760560783238 0.4364305994640467 0.45702747623666556 0.39841734093986103 0.38629822232073574 0.41410187319539105 0.38216062577036347 0.09833032588264963 0.12643631735788793 0.1115337466659002 0.15832043421404268 0.13491520498539838 0.21490564280325006 0.15847736560095907 0.2061829690193532 0.1987046472295086 0.19740856268513385 0.04652446871950406 0.04674847350243051 0.0460511627411177 0.07032653097741486 0.05039158108190724 0.07033286714077155 0.04672673011743575 0.04757059974341208 0.0683093755924964 0.047570990722596816 0.06859447417281628 0.04596137553558677
-152.0 -80.79336574008217 -66.62941640298476 -93.76420974157801 0.0 0.0 -152.0 0.0 -152.0 -55.214028446428344 -28.61624761510243 -23.9454850362292 0.0 0.0 -93.54501418108251 -19.82167960102587 -22.510974020164404 -1.5440872147625218 -13.282798070427683 -14.894816037372818 0.0 -20.90291132040538 -11.268470311370562 -38.101573586780496 -16.981347112509503 -152.0 -3.9979177713922693 -3.9539139756550945 -5.514544684572959 0.0 -6.011071819735397 0.0 -4.805792533777952 -4.908032594903394 0.0 -4.906790656458376 0.0 -4.725797383254837

1647266442549036741
0.40774717926979065 0.40900149941444397 0.4242367744445801 0.44404664635658264 0.3824195861816406 0.36972203850746155 0.37753939628601074 0.38479989767074585 0.5040813684463501 0.39766737818717957 0.43831661343574524 0.45972228050231934 0.4051848351955414 0.3972054421901703 0.40715569257736206 0.3847184181213379 0.09614075720310211 0.12851834297180176 0.11135305464267731 0.1584489345550537 0.17158323526382446 0.21875925362110138 0.1706666350364685 0.16594353318214417 0.20744433999061584 0.15767113864421844 0.046615272760391235 0.04684748873114586 0.04596294090151787 0.0 0.05029720067977905 0.0 0.04672761633992195 0.04756950959563255 0.0 0.0475701168179512 0.0 0.04596245661377907
0.43759713194095384 0.41448662192879876 0.42793861993474347 0.45094526249150096 0.3730405062097023 0.3627345145520257 0.39600033488520636 0.37396698505269044 0.5211602630739827 0.39958835687723737 0.436248395914359 0.4567867322506781 0.3980544006517272 0.3858450554743743 0.4138652290747775 0.3820751477678757 0.09813242103887074 0.12664156652406536 0.11157311363589206 0.15827976427714002 0.13505383644550442 0.2153279125539108 0.15873958852067296 0.2057764723248662 0.19888601725101096 0.19702199906716958 0.046514376355444746 0.0467378757543552 0.046060944010903444 0.07032710884482032 0.05040166862313594 0.07033338223239367 0.046726693526274184 0.047570608490840036 0.0683093704694986 0.04757102817917415 0.06859448091226956 0.04596136410531583
-152.0 -69.22447055098942 -46.73170303253751 -74.70459482868442 0.0 0.0 -152.0 0.0 -152.0 -55.10145331447444 -27.056782625227235 -21.86657044033821 0.0 0.0 -91.89579572330918 -19.483791825406612 -20.68085709513678 -3.440862804765217 -13.572731911919977 -14.595285773765653 0.0 -21.043903349947385 -11.229236449774522 -37.981031669284796 -17.070434455754533 -152.0 -3.9205642952328414 -3.872707399529486 -5.5894596234438225 0.0 -6.088312519547304 0.0 -4.8055117884623 -4.908100774946494 0.0 -4.907077997234997 0.0 -4.725708716115738

1647266442563785791
0.40810948610305786 0.40881961584091187 0.4244999885559082 0.44389915466308594 0.38398072123527527 0.37164774537086487 0.3789729177951813 0.3862972557544708 0.5040814280509949 0.39766737818717957 0.43831661343574524 0.45972228050231934 0.4051848351955414 0.3972054421901703 0.40715569257736206 0.3847184181213379 0.09646403789520264 0.12817047536373138 0.11135303229093552 0.1584489494562149 0.17158323526382446 0.21875925362110138 0.1706666350364685 0.16594353318214417 0.20744433999061584 0.15767113864421844 0.046615272760391235 0.04684748873114586 0.04596294090151787 0.0 0.05029720067977905 0.0 0.04672761633992195 0.04756950959563255 0.0 0.0475701168179512 0.0 0.04596245661377907
0.43611955011529324 0.41305727887953714 0.4253924610737603 0.4485094051440128 0.36953507221446585 0.36040898563443424 0.393383170151974 0.3724560122357663 0.5210672804544411 0.3995842524050398 0.43605211453082837 0.4565259328359469 0.3977019693860764 0.3854154646833855 0.41363751629146694 0.3820133032807974 0.09790967695526957 0.12687237227337758 0.11161088870843856 0.15824072485961146 0.1351595830695639 0.2155633960155881 0.1587558010915518 0.20541714654368826 0.1990603432630732 0.19663497175278885 0.04650426866526085 0.04672726318032083 0.046070735552381094 0.0703276839339692 0.050411765496798586 0.07033389427973058 0.04672665724100845 0.047570617789921624 0.06830936560523192 0.047571065302347885 0.0685944874242756 0.04596135219185259
-152.0 -56.411088409077045 -25.979638444312137 -54.70219754421297 0.0 0.0 -136.03067047318547 0.0 -152.0 -54.860051455046325 -25.387768203350248 -19.62789485469169 0.0 0.0 -90.32081656048379 -19.337134580277272 -18.73338401018734 -5.456981648249634 -13.843961958441394 -14.314988742134968 0.0 -21.032743725871843 -11.05588073737281 -37.96130937772614 -17.12268788797033 -152.0 -3.8446437373246134 -3.7930006801997465 -5.662950802840738 0.0 -6.164088694949089 0.0 -4.805230568657192 -4.908169204522365 0.0 -4.907365818426601 0.0 -4.725619775612148

1647266442578853368
0.40810948610305786 0.40881961584091187 0.4244999885559082 0.44389915466308594 0.38398072123527527 0.37164774537086487 0.3789729177951813 0.3862972557544708 0.5040814280509949 0.39766737818717957 0.43831661343574524 0.45972228050231934 0.4051848351955414 0.3972054421901703 0.40715569257736206 0.3847184181213379 0.09646403789520264 0.12817047536373138 0.11135303229093552 0.1584489494562149 0.17158323526382446 0.21875925362110138 0.1706666350364685 0.16594353318214417 0.20744433999061584 0.15767113864421844 0.046615272760391235 0.04684748873114586 0.04596294090151787 0.0 0.05029720067977905 0.0 0.04672761633992195 0.04756950959563255 0.0 0.0475701168179512 0.0 0.04596245661377907
0.4345122547753541 0.4114616301965883 0.4227302535786435 0.445943494155588 0.36605926826442337 0.35828270936308515 0.3907861464807789 0.37103906394092434 0.5209922999322126 0.39958933427904375 0.43587191519404517 0.45628990777524503 0.39732090403447984 0.385023257543734 0.4134141717889575 0.38192040094659163 0.09768443706990686 0.1271055436497684 0.11163432292512539 0.15821648788016918 0.13521582319492012 0.21557822559182221 0.15851835889817173 0.20515515260951217 0.1992108682745629 0.19630942580302999 0.04649433940962633 0.04671684261464884 0.04608034972881191 0.07032824612439324 0.05042167507489458 0.07033439253020887 0.046726630940556804 0.04757063837120113 0.0683093667992947 0.04757109175686461 0.06859448841191959 0.045961330744924554
-152.0 -43.84485730155056 -2.7169340458452353 -35.062099573761884 0.0 0.0 -106.20154381287134 0.0 -152.0 -55.12239160893096 -24.349938063849205 -18.33559297449306 0.0 0.0 -88.69761913061166 -18.028408039183486 -14.649057097608264 -9.782032543127649 -13.795679910668868 -14.36476839540762 0.0 -20.900851488376098 -10.753154695537628 -38.0076233430497 -17.158708652449096 -152.0 -3.7725526496009403 -3.7173968276711276 -5.732700054374984 0.0 -6.235929657451481 0.0 -4.805180182786514 -4.908495828373688 0.0 -4.9074070802199055 0.0 -4.72531287868568

1647266442594056844
0.40810948610305786 0.40881961584091187 0.4244999885559082 0.44389915466308594 0.38398072123527527 0.37164774537086487 0.3789729177951813 0.3862972557544708 0.5040814280509949 0.39766737818717957 0.43831661343574524 0.45972228050231934 0.4051848351955414 0.3972054421901703 0.40715569257736206 0.3847184181213379 0.09646403789520264 0.12817047536373138 0.11135303229093552 0.1584489494562149 0.17158323526382446 0.21875925362110138 0.1706666350364685 0.16594353318214417 0.20744433999061584 0.15767113864421844 0.046615272760391235 0.04684748873114586 0.04596294090151787 0.0 0.05029720067977905 0.0 0.04672761633992195 0.04756950959563255 0.0 0.0475701168179512 0.0 0.04596245661377907
0.43279111940820103 0.40971562617720125 0.41997962717828535 0.44327009502918147 0.3626495193784707 0.3563850094316081 0.388239545460096 0.3697296302130719 0.5209277682236211 0.3995970246781826 0.43570049848830233 0.4560674427518632 0.3969218395380217 0.38466557429204495 0.41319702434013456 0.3818122109914289 0.09745802854935791 0.12733970167905453 0.11164674620804808 0.15820363416258443 0.13522670461816214 0.21537921335649207 0.15803528125571376 0.2049913914011907 0.19933971154578925 0.19604654385159462 0.04648475186353533 0.04670678712397999 0.046089628764178006 0.07032878692520397 0.05043123315610783 0.07033486848653406 0.0467266037518107 0.047570658284112055 0.06830936756434651 0.04757111914916477 0.06859448980454613 0.045961309836312234
-152.0 -28.985759610935688 0.0 -13.778584468772934 0.0 0.0 -87.83405761732752 0.0 -152.0 -55.162862870753926 -23.100228843961023 -16.725332495193474 0.0 0.0 -87.17511520589161 -17.144954803137097 -12.949596225559247 -11.537556105658513 -13.783335160569852 -14.37768554764421 0.0 -20.66893651449525 -10.333191041421188 -38.09920581676431 -17.186551475391163 -152.0 -3.704853922256003 -3.6464705002703095 -5.798168974214494 0.0 -6.30329548994614 0.0 -4.804931094599408 -4.908605788154626 0.0 -4.907660387840226 0.0 -4.725188441856262

1647266442608805894
0.4083167314529419 0.40862661600112915 0.4246811270713806 0.44375622272491455 0.38517993688583374 0.373195081949234 0.3801233172416687 0.38748452067375183 0.5040814280509949 0.39766737818717957 0.43831661343574524 0.45972228050231934 0.4051848351955414 0.3972054421901703 0.40715569257736206 0.3847183883190155 0.09672258794307709 0.12789370119571686 0.11135301738977432 0.1584489643573761 0.17158323526382446 0.21875925362110138 0.1706666350364685 0.16594353318214417 0.20744433999061584 0.15767113864421844 0.046615272760391235 0.04684748873114586 0.04596294090151787 0.0 0.05029720067977905 0.0 0.04672761633992195 0.04756950959563255 0.0 0.0475701168179512 0.0 0.04596245661377907
0.4309721462718493 0.4078358038534644 0.4171686925535898 0.44050985013051497 0.3593458727145029 0.3547461990443972 0.385777727358975 0.3685455879375545 0.5208589162538853 0.39959488593292736 0.43552365152240113 0.45583691471757004 0.39652484806999233 0.3843365844413227 0.4129892256524955 0.3817163935560727 0.09723787322724166 0.1275671779728875 0.11165416030515242 0.1581959661761794 0.13520789635377287 0.2149865470842265 0.1573270111519397 0.204912777364937 0.19945038745433788 0.19582645331855006 0.046475658007372966 0.04669725813995567 0.04609842607280609 0.07032929875176844 0.05044028687594651 0.07033531435425555 0.04672657198879154 0.0475706733981595 0.06830936567034948 0.047571151416126736 0.06859449363702778 0.045961292954238515
-152.0 -30.208986782597478 0.0 -4.589245220227276 0.0 0.0 0.0 0.0 -152.0 -55.01171677957897 -21.675182971839963 -14.849566702616706 0.0 0.0 -85.75370695458574 -16.61883549093663 0.0 -37.37222317230431 -13.791042220092024 -14.369998494277155 0.0 -20.35204983807561 -9.812248746255758 -38.224658357881694 -17.20743065217939 -152.0 -3.64261557367532 -3.5813599245890146 -5.858330578108207 0.0 -6.365111732591641 0.0 -4.804635894686115 -4.90866586025812 0.0 -4.907962882085323 0.0 -4.725105999822346

1647266442623838424
0.4083167314529419 0.40862661600112915 0.4246811270713806 0.44375622272491455 0.38517993688583374 0.373195081949234 0.3801233172416687 0.38748452067375183 0.5040814280509949 0.39766737818717957 0.43831661343574524 0.45972228050231934 0.4051848351955414 0.3972054421901703 0.40715569257736206 0.3847183883190155 0.09672258794307709 0.12789370119571686 0.11135301738977432 0.1584489643573761 0.17158323526382446 0.21875925362110138 0.1706666350364685 0.16594353318214417 0.20744433999061584 0.15767113864421844 0.046615272760391235 0.04684748873114586 0.04596294090151787 0.0 0.05029720067977905 0.0 0.04672761633992195 0.04756950959563255 0.0 0.0475701168179512 0.0 0.04596245661377907
0.42906909558020195 0.40583700907053244 0.4143241240545035 0.43767866417316603 0.3561926372209214 0.35339773133466096 0.3834402526550075 0.3675117885288133 0.5207799584283359 0.399578126207357 0.43533607621804293 0.45559024266922954 0.39613824164338346 0.3840342531671082 0.4127923286703851 0.38164366831531354 0.09704211170632923 0.12776927162834625 0.11165874525571855 0.15819122765273674 0.13518048273374614 0.2144239776866902 0.15642305546281435 0.20490619496906212 0.19954273381211718 0.19562492933283723 0.04646719134821729 0.046688396720592336 0.04610661315693037 0.0703297750396595 0.050448702930700584 0.07033572365938268 0.04672653719468273 0.04757068530834033 0.06830936199870434 0.04757118691342411 0.06859449909949746 0.045961278763513004
-152.0 0.0 0.0 0.0 0.0 0.0 -45.976493879257994 0.0 -152.0 -54.70731207749722 -20.12186026256388 -12.779860843881202 0.0 0.0 -84.42907260416109 -16.358574512915204 -8.323831799191732 -16.3846186759557 -13.794284556254805 -14.366838695262368 0.0 -19.962879239346798 -9.209333055600656 -38.37873398179275 -17.21877959204135 -152.0 -3.586576671348226 -3.5228355848814954 -5.912477218121445 0.0 -6.4206539383267565 0.0 -4.804340722529617 -4.9087258314949285 0.0 -4.908265338992889 0.0 -4.725023674812103

1647266442639050960
0.40840333700180054 0.40840670466423035 0.42475321888923645 0.4435621500015259 0.386085569858551 0.374416321516037 0.38101017475128174 0.38843145966529846 0.5040814280509949 0.39766737818717957 0.43831661343574524 0.45972228050231934 0.4051848351955414 0.3972054421901703 0.40715569257736206 0.3847184181213379 0.0968998372554779 0.12770633399486542 0.11135295033454895 0.15844903886318207 0.17158323526382446 0.21875925362110138 0.1706666350364685 0.16594353318214417 0.20744433999061584 0.15767113864421844 0.046615272760391235 0.04684748873114586 0.04596294090151787 0.0 0.05029720067977905 0.0 0.04672761633992195 0.04756950959563255 0.0 0.0475701168179512 0.0 0.04596245661377907
0.4270945522016476 0.40373305830714773 0.41146818325821327 0.43478903104895494 0.3532236625566968 0.35235828264304525 0.3812571205473175 0.3666437653773815 0.5206890580736325 0.39954528809545764 0.435136375784385 0.4553252527686388 0.39576519682674716 0.3837580529224608 0.4126071321699717 0.3815974171600152 0.09687352130281236 0.12794318138104538 0.11166107630655277 0.158188820876213 0.13516692182846318 0.21371617022621497 0.15535949675538624 0.20496281779315798 0.19961237914079819 0.19541954277449133 0.04645943125253297 0.046680287914632 0.046114114002098645 0.07033021244562918 0.05045640136247909 0.07033609254933886 0.04672650107907937 0.04757069579613797 0.0683093575312 0.04757122381896998 0.0685945052904843 0.045961265771498235
-152.0 0.0 0.0 0.0 0.0 0.0 -24.915180279613484 0.0 -152.0 -54.270754656577935 -18.46729683037177 -10.556482271050221 0.0 0.0 -83.19981845135604 -16.32629935012022 -6.089847523248821 -18.72193468435688 -13.786361729720895 -14.375201014019076 0.0 -19.513684094875487 -8.545494461869616 -38.559970480500255 -17.215955449158702 -152.0 -3.5366588538319084 -3.470832248986855 -5.960691456884092 0.0 -6.46999158336885 0.0 -4.804054645439533 -4.908795021322484 0.0 -4.9085580979017065 0.0 -4.724933671462743

1647266442653814792
0.40842166543006897 0.40839895606040955 0.4247629940509796 0.44355693459510803 0.38614925742149353 0.37449049949645996 0.3810651898384094 0.38848769664764404 0.5040814280509949 0.39766737818717957 0.43831661343574524 0.45972228050231934 0.4051848351955414 0.3972054421901703 0.40715569257736206 0.3847184181213379 0.09691336750984192 0.12769131362438202 0.11135295033454895 0.15844903886318207 0.17158323526382446 0.21875925362110138 0.1706666350364685 0.16594353318214417 0.20744433999061584 0.15767113864421844 0.046615272760391235 0.04684748873114586 0.04596294090151787 0.0 0.05029720067977905 0.0 0.04672761633992195 0.04756950959563255 0.0 0.0475701168179512 0.0 0.04596245661377907
0.4259022267829958 0.4024197120151965 0.4096052562525606 0.4330224998419552 0.35096900694083194 0.35149916473388176 0.3794815727561727 0.3656283579855356 0.5205859925803858 0.3994962537593032 0.434924745429781 0.4550421261646932 0.39540684700244205 0.3835080673993978 0.41243414609039386 0.38157810011903404 0.09669608283680277 0.12812608496927566 0.11166188228044101 0.1581879897992632 0.13518811174520814 0.2128886458669564 0.15417706266234157 0.20507843527745165 0.19965162156371918 0.1951913257451896 0.04645936743467039 0.046679607061663575 0.04611418369984878 0.07033007364200523 0.050457041436127406 0.07033627586247486 0.046726464874977856 0.04757070612281544 0.0683093529534703 0.04757126081830413 0.06859451157927032 0.045961252925516546
-152.0 0.0 0.0 0.0 0.0 0.0 -13.31395695358519 0.0 -152.0 -53.71336818749855 -16.727700066576666 -8.202331367255297 0.0 0.0 -82.0674213656028 -16.496987801255013 -3.1440130321738406 -21.851604703842014 -13.778599189527995 -14.383400997401704 0.0 -19.01738101089724 -7.843138723952524 -38.769059939505965 -17.193234457612174 -152.0 -3.67762685080944 -3.601800768827518 -5.824667714265968 0.0 -6.345505808371548 0.0 -4.803781701922304 -4.9088771804420475 0.0 -4.908836842942387 0.0 -4.724832936011503

1647266442668954133
0.40842166543006897 0.40839895606040955 0.4247629940509796 0.44355693459510803 0.38614925742149353 0.37449049949645996 0.3810651898384094 0.38848769664764404 0.5040814280509949 0.39766737818717957 0.43831661343574524 0.45972228050231934 0.4051848351955414 0.3972054421901703 0.40715569257736206 0.3847184181213379 0.09691336750984192 0.12769131362438202 0.11135295033454895 0.15844903886318207 0.17158323526382446 0.21875925362110138 0.1706666350364685 0.16594353318214417 0.20744433999061584 0.15767113864421844 0.046615272760391235 0.04684748873114586 0.04596294090151787 0.0 0.05029720067977905 0.0 0.04672761633992195 0.04756950959563255 0.0 0.0475701168179512 0.0 0.04596245661377907
0.42602892902068346 0.4024761228676921 0.4093185043894312 0.43310377156470087 0.3496205165511881 0.350551353212465 0.3781532874823348 0.3641751135472453 0.5204711517783167 0.3994314129291272 0.4347019800567916 0.45474190569091616 0.3950635918433996 0.3832845034088026 0.4122737437193388 0.38158508429187465 0.09646881221506758 0.12836015477015628 0.11166212993023851 0.1581877350281946 0.1352610234878711 0.21196837105955402 0.15291930224773642 0.20525241616295767 0.19965054167056365 0.19492476329733188 0.04647041796808378 0.04668992455044379 0.04610351734391205 0.07032916984811906 0.0504472324180621 0.0703361058823979 0.04672642924977233 0.04757071693505407 0.06830934862178974 0.04757129720092177 0.06859451763650024 0.04596123968947082
-152.0 -2.284569026507441 0.0 0.0 0.0 0.0 -11.786669638088412 0.0 -152.0 -53.04297221291803 -14.91461266411526 -5.73325712228727 0.0 0.0 -81.03292094690855 -16.855115677910185 -2.0696324541912494 -22.869561223471152 -13.77633385914579 -14.38591777710923 0.0 -18.488052626557536 -7.12513895588954 -39.00778217712658 -17.1444027198104 -152.0 -3.8609716946291384 -3.7808821795752428 -5.647563784975057 0.0 -6.175310617917477 0.0 -4.803519051748991 -4.908968659244158 0.0 -4.909104632295166 0.0 -4.72472457147046

1647266442683946132
0.40842166543006897 0.40839895606040955 0.4247629940509796 0.44355693459510803 0.38614925742149353 0.37449049949645996 0.3810651898384094 0.38848769664764404 0.5040814280509949 0.39766737818717957 0.43831661343574524 0.45972228050231934 0.4051848351955414 0.3972054421901703 0.40715569257736206 0.3847184181213379 0.09691336750984192 0.12769131362438202 0.11135295033454895 0.15844903886318207 0.17158323526382446 0.21875925362110138 0.1706666350364685 0.16594353318214417 0.20744433999061584 0.15767113864421844 0.046615272760391235 0.04684748873114586 0.04596294090151787 0.0 0.05029720067977905 0.0 0.04672761633992195 0.04756950959563255 0.0 0.0475701168179512 0.0 0.04596245661377907
0.4265737364278497 0.40296803400228076 0.40953650401692554 0.4337795045844097 0.3485854023500699 0.34954185962356576 0.376973187196011 0.3625758126879143 0.5203451513115184 0.3993513680302183 0.4344690857569103 0.4544259426330523 0.3947355782030944 0.3830873573045894 0.41212615421202964 0.3816172823817324 0.0962289175930002 0.12860698138095367 0.11166216805289349 0.15818769627091073 0.13539678150093315 0.21098420214532163 0.15163064128832204 0.20548644507047412 0.19959793281352378 0.19460729500855464 0.04648446190934124 0.046703707312831085 0.04608994464414828 0.07032817603554939 0.050434128114728645 0.07033568063823233 0.04672639441748981 0.047570728388048225 0.06830934463885333 0.04757133274115963 0.06859452336496502 0.045961225938877186
-152.0 -9.436729122416573 0.0 0.0 0.0 0.0 -4.233192410781726 0.0 -152.0 -52.26591659943186 -13.037296865162318 -3.161904993067182 0.0 0.0 -80.09650302075084 -17.38862349234264 -0.19142311045113658 -24.799708811882326 -13.775556838594042 -14.386894302347947 0.0 -17.941025265355265 -6.4137835015502205 -39.278345905107344 -17.063078170807298 -152.0 -3.986916449542029 -3.911556124889522 -5.525653055069385 0.0 -6.0510480213732905 0.0 -4.803264119393047 -4.9090660788197695 0.0 -4.909364243044251 0.0 -4.724611452975163

1647266442698932886
0.40842166543006897 0.40839895606040955 0.4247629940509796 0.44355693459510803 0.38614925742149353 0.37449049949645996 0.3810651898384094 0.38848769664764404 0.5040814280509949 0.39766737818717957 0.43831661343574524 0.45972228050231934 0.4051848351955414 0.3972054421901703 0.40715569257736206 0.3847184181213379 0.09691336750984192 0.12769131362438202 0.11135292053222656 0.15844905376434326 0.17158323526382446 0.21875925362110138 0.1706666350364685 0.16594353318214417 0.20744433999061584 0.15767113864421844 0.046615272760391235 0.04684748873114586 0.04596294090151787 0.0 0.05029720067977905 0.0 0.04672761633992195 0.04756950959563255 0.0 0.0475701168179512 0.0 0.04596245661377907
0.4271633239633019 0.40350545779598623 0.40982627143772316 0.4345329895887754 0.347651955494215 0.34852639975156763 0.37584787490147276 0.360984235731199 0.5202086732969986 0.39925680016500653 0.4342271205789296 0.45409567038164 0.3944229111310146 0.3829163697426049 0.41199149365861265 0.38167344750579224 0.0959952334427414 0.12884717677481675 0.11166210637541357 0.15818776022246758 0.13559932437197653 0.2099669015721024 0.1503543305321322 0.20578346735396386 0.1994819265329962 0.19422875657258085 0.04649824637961834 0.046717788143094865 0.04607660617066273 0.07032732703272772 0.050420737172901124 0.07033508792514882 0.046726360484390356 0.047570740523107724 0.06830934104237947 0.04757136732806882 0.06859452872702108 0.045961211645167005
-152.0 -13.37499363648513 0.0 0.0 0.0 0.0 0.0 0.0 -152.0 -51.38790213284434 -11.104037311458157 -0.4995674742072822 0.0 0.0 -79.25800288683986 -18.087043440934785 0.0 -26.486542963563046 -13.777609290657933 -14.386335658718075 0.0 -17.39261327724245 -5.729701389886376 -39.5830211521731 -16.94283572962393 -152.0 -4.081900286479 -4.014817952958734 -5.4335456026358795 0.0 -5.952799682154703 0.0 -4.803016765785786 -4.909168734632772 0.0 -4.9096158398731475 0.0 -4.724494223286992

1647266442714054346
0.40842166543006897 0.40839895606040955 0.4247629940509796 0.44355693459510803 0.38614925742149353 0.37449049949645996 0.3810651898384094 0.38848769664764404 0.5040814280509949 0.39766737818717957 0.43831661343574524 0.45972228050231934 0.4051848351955414 0.3972054421901703 0.40715569257736206 0.3847184181213379 0.09691336750984192 0.12769131362438202 0.11135292053222656 0.15844905376434326 0.17158323526382446 0.21875925362110138 0.1706666350364685 0.16594353318214417 0.20744433999061584 0.15767113864421844 0.046615272760391235 0.04684748873114586 0.04596294090151787 0.0 0.05029720067977905 0.0 0.04672761633992195 0.04756950959563255 0.0 0.0475701168179512 0.0 0.04596245661377907
0.42772711901270005 0.40401627470195395 0.4101033661518245 0.4352612708965062 0.34676812558474635 0.3475276169027909 0.3747614951785321 0.3594299208121233 0.5200626633104365 0.3991488030599858 0.4339773165627447 0.453752904662147 0.3941250813979248 0.3827701017896408 0.4118692603705635 0.3817513823398129 0.09577120546700037 0.12907722365539873 0.11166195002320428 0.15818792143553256 0.135864849711555 0.2089486793553824 0.14913047071768054 0.20614696270341407 0.19929031237011535 0.19378087993726226 0.04651118432348479 0.04673122147495536 0.046064075762085065 0.07032657697140879 0.0504079560010203 0.07033445824910534 0.04672632788379262 0.04757075390458746 0.06830933807611929 0.0475714004927833 0.06859453350330351 0.045961196331682476
-152.0 -16.963429478070097 0.0 0.0 0.0 0.0 0.0 0.0 -152.0 -50.42396252801119 -9.126811425909302 0.0 0.0 0.0 -78.50332012807812 -18.917924103334833 0.0 -28.10930564894635 -13.773788073557414 -14.38917716067018 0.0 -16.859620950400938 -5.090944747772436 -39.92397560866268 -16.777191653946808 -152.0 -4.1683519932218465 -4.10647051294725 -5.34969231786607 0.0 -5.865515606207865 0.0 -4.802785719549597 -4.909289936854206 0.0 -4.909849900593208 0.0 -4.724361508608511

1647266442728861808
0.40861478447914124 0.4080665111541748 0.42489367723464966 0.44329071044921875 0.38759544491767883 0.37638118863105774 0.38244450092315674 0.38992950320243835 0.5040814280509949 0.39766737818717957 0.43831661343574524 0.45972228050231934 0.4051848351955414 0.3972054421901703 0.40715569257736206 0.3847183883190155 0.09722468256950378 0.12735725939273834 0.11135292053222656 0.15844905376434326 0.17158323526382446 0.21875925362110138 0.1706666350364685 0.16594353318214417 0.20744433999061584 0.15767113864421844 0.046615272760391235 0.04684748873114586 0.04596294090151787 0.0 0.05029720067977905 0.0 0.04672761633992195 0.04756950959563255 0.0 0.0475701168179512 0.0 0.04596245661377907
0.42821565308192844 0.4044757222674753 0.410411240874321 0.43590519208745726 0.34621535986073254 0.3468019194192137 0.37403921222225833 0.3582905914577354 0.5199077594716112 0.39902807582610966 0.4337205453462676 0.4533988562181791 0.3938418588379815 0.38264774220565123 0.4117592562151061 0.3818497067443035 0.09565297205217142 0.12919854694594274 0.11166169230450204 0.15818818658731612 0.13618216898739147 0.207962312112081 0.14799436801700455 0.20658055645181944 0.1990105952136036 0.1932568959947241 0.04652248421948673 0.04674534666319129 0.046053089890992494 0.0703264780763583 0.05039453508736867 0.07033318798217644 0.04672629611639757 0.047570768300255084 0.06830933556650473 0.04757143275916757 0.06859453786584925 0.045961180165627696
-152.0 -21.902209681044226 0.0 -2.63485044016911 0.0 0.0 0.0 0.0 -152.0 -49.37023498901213 -7.1054319905344485 0.0 0.0 0.0 -77.84022151375515 -19.890833458778545 0.0 -29.403182653183812 -13.771428131127877 -14.39177119309057 0.0 -16.35866577108458 -4.512381061742532 -40.3032803407996 -16.559483230539907 -152.0 -4.226872187783618 -4.232276372429849 -5.291933362756315 0.0 -5.746380971787759 0.0 -4.8025517272367475 -4.909412606804533 0.0 -4.910086944455231 0.0 -4.724227180125283

1647266442743856430
0.40861478447914124 0.4080665111541748 0.42489367723464966 0.44329071044921875 0.38759544491767883 0.37638118863105774 0.38244450092315674 0.38992950320243835 0.5040814280509949 0.39766737818717957 0.43831661343574524 0.45972228050231934 0.4051848351955414 0.3972054421901703 0.40715569257736206 0.3847183883190155 0.09722468256950378 0.12735725939273834 0.11135292053222656 0.15844905376434326 0.17158323526382446 0.21875925362110138 0.1706666350364685 0.16594353318214417 0.20744433999061584 0.15767113864421844 0.046615272760391235 0.04684748873114586 0.04596294090151787 0.0 0.05029720067977905 0.0 0.04672761633992195 0.04756950959563255 0.0 0.0475701168179512 0.0 0.04596245661377907
0.42857161622947987 0.404843192900168 0.4107760990627518 0.4364010234871853 0.34625092590089207 0.3465645559259216 0.37395694315099304 0.3579240275856348 0.5197444188144623 0.3988950780439724 0.433457486599323 0.4530344067936295 0.3935732829055313 0.3825488679020759 0.4116614915899638 0.3819675557680674 0.09571906835369313 0.12913073335308067 0.11166115521313989 0.15818874013305262 0.13653398713193426 0.20704000798836553 0.14697547553101153 0.2070878557480004 0.198629891482832 0.19265119394756935 0.04653190264120221 0.04676100326705434 0.046043867684936686 0.07032730711944656 0.05037968684679129 0.07033095623402386 0.04672626477907827 0.04757078341521309 0.06830933334457524 0.047571464554297664 0.0685945419754411 0.04596116338031958
-152.0 -23.732381179352302 0.0 -4.887861220315578 0.0 0.0 0.0 0.0 -152.0 -48.229724619186264 -5.044301503070592 0.0 0.0 0.0 -77.26849649285737 -20.99965698537371 0.0 -27.12290846831869 -13.764218878750128 -14.399383471958453 0.0 -15.90550729935909 -4.005526661563962 -40.722919387711784 -16.282747814361382 -152.0 -4.2801308132732805 -4.358672954760413 -5.239108349777894 0.0 -5.626676036280581 0.0 -4.802317253055456 -4.90953793966831 0.0 -4.910324382084846 0.0 -4.72409037150468

1647266442758787870
0.40873557329177856 0.40778279304504395 0.4249536395072937 0.44305849075317383 0.3886544704437256 0.3777729570865631 0.3834491968154907 0.39098599553108215 0.5040814280509949 0.39766737818717957 0.43831661343574524 0.45972228050231934 0.4051848351955414 0.3972054421901703 0.40715569257736206 0.3847183883190155 0.09742403030395508 0.12714076042175293 0.11135291308164597 0.15844906866550446 0.17158323526382446 0.21875925362110138 0.1706666350364685 0.16594353318214417 0.20744433999061584 0.15767113864421844 0.046615272760391235 0.04684748873114586 0.04596294090151787 0.0 0.05029720067977905 0.0 0.04672761633992195 0.04756950959563255 0.0 0.0475701168179512 0.0 0.04596245661377907
0.42886728265393437 0.4051622844001863 0.4111512634579303 0.4368302416664235 0.3465084966975569 0.34650614622940823 0.37410713053433686 0.3578554049419641 0.5195731100204817 0.3987502953586456 0.4331888148974616 0.4526604497912409 0.39331938675521405 0.3824729018055318 0.41157590383033316 0.38210400999349936 0.0958463770527397 0.12900005978550175 0.11166007974243618 0.15818985033820024 0.13689903403298453 0.20621230888528888 0.14609710665596246 0.2076722606169594 0.1981348411126761 0.19195887234087045 0.04654083308614794 0.0467757818243465 0.04603511686171016 0.07032807891052725 0.05036566319469121 0.07032884764107214 0.04672623375704746 0.04757079914790718 0.06830933135641126 0.0475714960003701 0.06859454588243233 0.04596114605844388
-152.0 -50.43753660806671 0.0 -27.755146840334156 0.0 0.0 0.0 0.0 -152.0 -47.00636036520206 -2.948427326994967 0.0 0.0 0.0 -76.7868753617548 -22.23713619496528 0.0 -44.580615917704975 -13.75050015016117 -14.413100798729118 0.0 -15.514527100556403 -3.5788426696647466 -41.184679814270325 -15.939694295224426 -152.0 -4.343592624860294 -4.4540178752452855 -5.1769829913728165 0.0 -5.536037878506803 0.0 -4.8020841796313585 -4.909667098921479 0.0 -4.910560225891361 0.0 -4.723950191168019

1647266442774025678
0.40873557329177856 0.40778279304504395 0.4249536395072937 0.44305849075317383 0.3886544704437256 0.3777729570865631 0.3834491968154907 0.39098599553108215 0.5040814280509949 0.39766737818717957 0.43831661343574524 0.45972228050231934 0.4051848351955414 0.3972054421901703 0.40715569257736206 0.3847183883190155 0.09742403030395508 0.12714076042175293 0.11135291308164597 0.15844906866550446 0.17158323526382446 0.21875925362110138 0.1706666350364685 0.16594353318214417 0.20744433999061584 0.15767113864421844 0.046615272760391235 0.04684748873114586 0.04596294090151787 0.0 0.05029720067977905 0.0 0.04672761633992195 0.04756950959563255 0.0 0.0475701168179512 0.0 0.04596245661377907
0.4291272791200087 0.40544705936857817 0.41151557044409837 0.43721910663237606 0.34684726085517287 0.3465124895623265 0.3743363095085801 0.35790428652711825 0.519394325674353 0.3985942488368443 0.4329152125287449 0.45227790731694395 0.39308018591604077 0.3824191426393134 0.4115023646020643 0.3822580866949379 0.09599309568465442 0.12884937489164167 0.11165821189028878 0.15819177997995468 0.1372546657874209 0.20550653796609708 0.14537652335570467 0.20833686213704983 0.19751167101773495 0.19117573805037996 0.04654974854171684 0.04678870418882331 0.04602640355803792 0.07032841628062131 0.05035338169859711 0.07032728642383891 0.046726203044340636 0.04757081547675639 0.06830932959375786 0.047571527104276444 0.06859454959373887 0.04596112821937354
-152.0 -29.479716320408 0.0 -11.620889891627108 0.0 0.0 0.0 0.0 -152.0 -45.70448024194937 -0.8230436597010211 0.0 0.0 0.0 -76.3936432189917 -23.595143578173037 0.0 -25.93480749707361 -13.7265340384619 -14.438621356132987 0.0 -15.197522405190341 -3.237831775538357 -41.690113952493036 -15.522911374680378 -152.0 -4.410447355754097 -4.527085056319059 -5.111953553862257 0.0 -5.4663212738846525 0.0 -4.801853436710578 -4.909800648354015 0.0 -4.910793494802541 0.0 -4.723806208510043

1647266442789067029
0.40873557329177856 0.40778279304504395 0.4249536395072937 0.44305849075317383 0.3886544704437256 0.3777729570865631 0.3834491968154907 0.39098599553108215 0.5040814280509949 0.39766737818717957 0.43831661343574524 0.45972228050231934 0.4051848351955414 0.3972054421901703 0.40715569257736206 0.3847183883190155 0.09742403030395508 0.12714076042175293 0.11135289818048477 0.15844908356666565 0.17158323526382446 0.21875925362110138 0.1706666350364685 0.16594353318214417 0.20744433999061584 0.15767113864421844 0.046615272760391235 0.04684748873114586 0.04596294090151787 0.0 0.05029720067977905 0.0 0.04672761633992195 0.04756950959563255 0.0 0.0475701168179512 0.0 0.04596245661377907
0.4293730401863013 0.405721290485196 0.41188280546498224 0.4375893027969008 0.34723814280956544 0.3465769875125313 0.3746281226213636 0.3580277082911665 0.519208582976237 0.39842749512700293 0.4326373662431989 0.4518877246702489 0.39285565842772574 0.3823867854710997 0.4114406823400379 0.382428742166543 0.09614708138459846 0.12869112573351335 0.11165531176190861 0.15819477709933374 0.13757963328487394 0.2049453892927078 0.1448256527312576 0.2090843276273097 0.19674633035484676 0.19029838834924526 0.046558623629199845 0.04679961029856186 0.04601775663503001 0.07032828681151358 0.050342995555580215 0.07032631941922954 0.04672617265203115 0.04757083241546121 0.06830932806184085 0.04757155785400022 0.0685945531046362 0.04596110985170128
-152.0 -31.449804891321314 0.0 -14.192904862811133 0.0 0.0 0.0 0.0 -152.0 -44.328601281220855 0.0 0.0 0.0 0.0 -76.08664432023923 -25.065249421501882 -0.5033691846574424 -24.67422026119588 -13.692696718242875 -14.47377714619225 0.0 -14.963641780954433 -2.986220894440315 -42.24066619900779 -15.024627896353016 -152.0 -4.475928732503469 -4.584307251913245 -5.048479021034073 0.0 -5.411538178557309 0.0 -4.8016250326723275 -4.9099390878539495 0.0 -4.911024160671395 0.0 -4.723657967294656

1647266442803838253
0.4088146388530731 0.4074079096317291 0.4249964952468872 0.44276291131973267 0.3898618817329407 0.37940648198127747 0.3846256136894226 0.39221394062042236 0.5040814280509949 0.39766737818717957 0.43831661343574524 0.4597223103046417 0.4051848351955414 0.3972054421901703 0.40715569257736206 0.3847183883190155 0.09767668694257736 0.12686970829963684 0.11135289818048477 0.15844908356666565 0.17158323526382446 0.21875925362110138 0.1706666350364685 0.16594353318214417 0.20744433999061584 0.15767113864421844 0.046615272760391235 0.04684748873114586 0.04596294090151787 0.0 0.05029720067977905 0.0 0.04672761633992195 0.04756950959563255 0.0 0.0475701168179512 0.0 0.04596245661377907
0.429599753060356 0.40597960898761953 0.41224819570319393 0.4379343744555029 0.3476820156802933 0.34670381898934816 0.3749837755841476 0.35823166338701373 0.5190163297211439 0.3982505333656333 0.43235583563295754 0.45149067879059457 0.3926456665689012 0.3823749709368611 0.41139060479403833 0.38261499124379594 0.09631177909237176 0.12852175401858723 0.11165120759909537 0.15819901924001684 0.1378560635836566 0.20454753823487223 0.14445374798334898 0.209917539899421 0.19582338878936487 0.1893235564324969 0.046566978512890156 0.04680887427951264 0.046009629305689914 0.07032792575926144 0.05033415953171618 0.07032570893511698 0.04672614245461308 0.04757085003646323 0.06830932675100537 0.04757158837612066 0.06859455643274259 0.045961090877854015
-152.0 -35.79502730705528 0.0 -18.528674923088623 0.0 0.0 0.0 0.0 -152.0 -42.88139259060128 0.0 0.0 0.0 0.0 -75.86329086328689 -26.641247769371418 -0.1545477195490843 -25.099750953804257 -13.647892033218064 -14.520269019047607 0.0 -14.820170152935926 -2.8277042350138935 -42.838100325543046 -14.435935838742306 -152.0 -4.5303187821418245 -4.635330196592511 -4.995678051642364 0.0 -5.3627206302733255 0.0 -4.801396065883304 -4.910083733538999 0.0 -4.911255164765026 0.0 -4.723504000475682

1647266442819069862
0.4088146388530731 0.4074079096317291 0.4249964952468872 0.44276291131973267 0.3898618817329407 0.37940648198127747 0.3846256136894226 0.39221394062042236 0.5040814280509949 0.39766737818717957 0.43831661343574524 0.4597223103046417 0.4051848351955414 0.3972054421901703 0.40715569257736206 0.3847183883190155 0.09767668694257736 0.12686970829963684 0.11135289818048477 0.15844908356666565 0.17158323526382446 0.21875925362110138 0.1706666350364685 0.16594353318214417 0.20744433999061584 0.15767113864421844 0.046615272760391235 0.04684748873114586 0.04596294090151787 0.0 0.05029720067977905 0.0 0.04672761633992195 0.04756950959563255 0.0 0.0475701168179512 0.0 0.04596245661377907
0.42980396682386457 0.4062177995331009 0.41260876286117154 0.43825048177604786 0.3481818354629409 0.3468948453720123 0.37540410851934525 0.358521371867932 0.5188179826803837 0.39806384326796784 0.43207110724344205 0.4510874596707415 0.39244997458337627 0.3823827735263354 0.4113518171103636 0.3828158483496697 0.0964864555900595 0.1283419914718229 0.11164577397279893 0.15820463594980302 0.13807165452287098 0.2043261708451717 0.14426788793628173 0.21083895465279914 0.19472679191474113 0.1882484925728624 0.04657443175866531 0.04681683560479766 0.046002381183429704 0.07032753089187448 0.05032655959556498 0.07032525267649853 0.04672611236735959 0.0475708684056935 0.06830932565929217 0.047571618755435086 0.06859455958649202 0.045961071229876575
-152.0 -37.509699877791455 0.0 -20.654629123534008 0.0 0.0 0.0 0.0 -152.0 -41.366584024516975 0.0 0.0 0.0 0.0 -75.72049392277259 -28.31525870780785 -1.399092261972271 -23.83482279398789 -13.591628939814383 -14.578606055365505 0.0 -14.770891895336431 -2.7652273485927594 -43.48360101882216 -13.748005026384776 -152.0 -4.57460166191723 -4.679764582302136 -4.9526250931549525 0.0 -5.320231204469203 0.0 -4.801167195982937 -4.910234729321159 0.0 -4.91148582130182 0.0 -4.723344236145157

1647266442833947420
0.4088099002838135 0.4072718620300293 0.4250071346759796 0.4426627457141876 0.3902449309825897 0.3799515962600708 0.3850201666355133 0.39261943101882935 0.5040814280509949 0.39766737818717957 0.43831661343574524 0.4597223103046417 0.4051848351955414 0.3972054421901703 0.40715569257736206 0.3847183883190155 0.09775576740503311 0.12678633630275726 0.11135289072990417 0.15844909846782684 0.17158323526382446 0.21875925362110138 0.1706666350364685 0.16594353318214417 0.20744433999061584 0.15767113864421844 0.046615272760391235 0.04684748873114586 0.04596294090151787 0.0 0.05029720067977905 0.0 0.04672761633992195 0.04756950959563255 0.0 0.0475701168179512 0.0 0.04596245661377907
0.42998406660861765 0.4064337485799588 0.41296296206704297 0.4385357252590813 0.3487388908723854 0.34715167312771367 0.3758893384420217 0.35889898064148995 0.5186139895518979 0.3978679467442403 0.43178368120172156 0.45067879628584695 0.39226829131846064 0.38240918703602533 0.41132394446092957 0.3830302519750689 0.09666818848176269 0.12815482610643447 0.11163890106042637 0.15821174053928652 0.1382210658837662 0.2042884171378739 0.14427393732676239 0.21185023627501742 0.19344017799568222 0.18707106405582932 0.04658084189711457 0.046823588955911676 0.045996146807733125 0.07032716876401504 0.050320109389983596 0.07032488554960291 0.046726082387517534 0.04757088756385809 0.06830932479665972 0.047571648993194895 0.0685945625585966 0.04596105087030145
-152.0 -39.86476115933584 0.0 -23.14332649106691 0.0 0.0 0.0 0.0 -152.0 -39.78858232236921 0.0 0.0 0.0 0.0 -75.65476593208696 -30.078457928955842 -2.2580678500123987 -22.963683932175893 -13.523327435737093 -14.64933103317391 0.0 -14.81632141420668 -2.8016918255932612 -44.17775658653538 -12.951975800713207 -152.0 -4.609647254975536 -4.715776696962209 -4.91852694880314 0.0 -5.285794705589714 0.0 -4.800939135381896 -4.910392144730047 0.0 -4.911715392960342 0.0 -4.723178675225489

1647266442849048852
0.4088099002838135 0.4072718620300293 0.4250071346759796 0.4426627457141876 0.3902449309825897 0.3799515962600708 0.3850201666355133 0.39261943101882935 0.5040814280509949 0.39766737818717957 0.43831661343574524 0.4597223103046417 0.4051848351955414 0.3972054421901703 0.40715569257736206 0.3847183883190155 0.09775576740503311 0.12678633630275726 0.11135289072990417 0.15844909846782684 0.17158323526382446 0.21875925362110138 0.1706666350364685 0.16594353318214417 0.20744433999061584 0.15767113864421844 0.046615272760391235 0.04684748873114586 0.04596294090151787 0.0 0.05029720067977905 0.0 0.04672761633992195 0.04756950959563255 0.0 0.0475701168179512 0.0 0.04596245661377907
0.43013854188280676 0.40662554125656597 0.4133090832537467 0.43878802919566673 0.349353417230271 0.3474762162993985 0.37643943728933527 0.35936571755958246 0.5184048283110868 0.39766340774783326 0.43149407222733993 0.4502654565104508 0.3921002764060598 0.3824531354610373 0.411306557852852 0.38325707477108484 0.09685539703230496 0.12796187093084652 0.1116304984108369 0.15822042621066598 0.13830650714900578 0.20443500571547912 0.14447709243620457 0.21295184413645546 0.1919472487130602 0.1857898540393301 0.04658614357743461 0.046829143147494964 0.045990989374565944 0.07032686228154 0.05031480243416569 0.07032458841135848 0.0467260525376718 0.047570907541121546 0.06830932417603859 0.04757167906493452 0.06859456533744596 0.0459610297735939
-152.0 -41.01283661768982 0.0 -24.63200816102595 0.0 0.0 0.0 0.0 -152.0 -38.15209547172721 0.0 0.0 0.0 0.0 -75.6622844218283 -31.92166540833642 -3.7048121052952983 -21.471457132294084 -13.442445695629177 -14.733108813700175 0.0 -14.953605721973814 -2.939929971271141 -44.920306028212465 -12.03919942836735 -152.0 -4.635847730789596 -4.742931635949415 -4.893022474579931 0.0 -5.259822446485108 0.0 -4.800712271243042 -4.910556108031812 0.0 -4.911943475504438 0.0 -4.723007235498555

1647266442863748550
0.40887418389320374 0.40719789266586304 0.4250287711620331 0.44261083006858826 0.39055487513542175 0.38032934069633484 0.3852939009666443 0.3928969204425812 0.5040814280509949 0.39766740798950195 0.43831661343574524 0.4597223103046417 0.4051848351955414 0.3972054421901703 0.40715569257736206 0.3847183883190155 0.09782612323760986 0.12670785188674927 0.11135289072990417 0.15844909846782684 0.17158323526382446 0.21875925362110138 0.1706666350364685 0.16594353318214417 0.20744433999061584 0.15767113864421844 0.046615272760391235 0.04684748873114586 0.04596294090151787 0.0 0.05029720067977905 0.0 0.04672761633992195 0.04756950959563255 0.0 0.0475701168179512 0.0 0.04596245661377907
0.43026707999111474 0.4067925118246956 0.4136465679926636 0.43900689450639696 0.35002545970516313 0.3478697164594553 0.37705405749006304 0.35992116489578896 0.518191007069178 0.39745083230991685 0.43120281074597516 0.44984824696528913 0.3919455441701529 0.38251348487661385 0.41129918000892374 0.38349513285875253 0.09704560408439114 0.12776566869990771 0.11162049832735056 0.158230762564479 0.1383374599665932 0.20476009895208888 0.14488188421690348 0.21414256496280815 0.1902322215920109 0.1844042621283593 0.04659030712045694 0.04683349145234128 0.04598693814484605 0.07032661963599862 0.050310646301134875 0.07032435611427502 0.04672602284714729 0.04757092836228235 0.06830932381052282 0.04757170893945055 0.06859456791074695 0.04596100791973012
-152.0 -42.512850557506994 0.0 -26.241085816192776 0.0 0.0 0.0 0.0 -152.0 -36.461929466303204 0.0 0.0 0.0 0.0 -75.73893312901609 -33.83537891897469 -4.643075162357455 -20.546822309694015 -13.34880150248917 -14.83006996537367 0.0 -15.17653263596834 -3.182386818221687 -45.70987295337241 -11.001510514929524 -152.0 -4.653150404786322 -4.760860881527997 -4.876172252323155 0.0 -5.242666889575886 0.0 -4.800486873842683 -4.91072674782514 0.0 -4.9121697852811455 0.0 -4.722829823748981

1647266442879074335
0.40887418389320374 0.40719789266586304 0.4250287711620331 0.44261083006858826 0.39055487513542175 0.38032934069633484 0.3852939009666443 0.3928969204425812 0.5040814280509949 0.39766740798950195 0.43831661343574524 0.4597223103046417 0.4051848351955414 0.3972054421901703 0.40715569257736206 0.3847183883190155 0.09782612323760986 0.12670785188674927 0.11135289072990417 0.15844909846782684 0.17158323526382446 0.21875925362110138 0.1706666350364685 0.16594353318214417 0.20744433999061584 0.15767113864421844 0.046615272760391235 0.04684748873114586 0.04596294090151787 0.0 0.05029720067977905 0.0 0.04672761633992195 0.04756950959563255 0.0 0.0475701168179512 0.0 0.04596245661377907
0.43036935408000054 0.4069339502793293 0.4139747545207582 0.4391917757130185 0.3507547903775554 0.3483332559254966 0.3777326253650961 0.36056444319432834 0.5179730633702723 0.3972308679319654 0.4309104316195057 0.44942801200738175 0.3918036681887591 0.3825890551021233 0.4113012914877985 0.38374319596745243 0.09723625606316184 0.12756884912367839 0.11160885785647139 0.15824279354489454 0.13832951876177876 0.20525136566478086 0.14549171497343 0.21541901644808373 0.18828034937643062 0.18291458714445455 0.04659331351045761 0.046836622196023296 0.045984012125509975 0.07032644441985117 0.05030765292812343 0.070324187727291 0.04672599334556812 0.04757095004793136 0.06830932371221629 0.047571738585397545 0.0685945702669228 0.04596098529255556
-152.0 -43.26538364352884 0.0 -27.209579516222863 0.0 0.0 -0.2974376286811591 0.0 -152.0 -34.72386151522288 0.0 0.0 0.0 0.0 -75.88035449039208 -35.809874908368286 -6.05654149709428 -19.086460931912725 -13.242376799481317 -14.940228772300198 0.0 -15.47569541871338 -3.530632159812667 -46.54369826495005 -9.831526157530245 -152.0 -4.661622857292454 -4.769587223991156 -4.867914534619184 0.0 -5.2343089584968565 0.0 -4.800263159260299 -4.910904172267354 0.0 -4.912394095325736 0.0 -4.722646360507743

1647266442894059419
0.40887418389320374 0.40719789266586304 0.4250287711620331 0.44261083006858826 0.39055487513542175 0.38032934069633484 0.3852939009666443 0.3928969204425812 0.5040814280509949 0.39766740798950195 0.43831661343574524 0.4597223103046417 0.4051848351955414 0.3972054421901703 0.40715569257736206 0.3847183883190155 0.09782612323760986 0.12670785188674927 0.11135289072990417 0.15844909846782684 0.17158323526382446 0.21875925362110138 0.1706666350364685 0.16594353318214417 0.20744433999061584 0.15767113864421844 0.046615272760391235 0.04684748873114586 0.04596294090151787 0.0 0.05029720067977905 0.0 0.04672761633992195 0.04756950959563255 0.0 0.0475701168179512 0.0 0.04596245661377907
0.43044553242182293 0.4070495777833777 0.4142932916885128 0.4393428210570978 0.35154063384777634 0.34886697443816517 0.3784737565274866 0.3612932485646563 0.5177515627295879 0.39700420213702414 0.4306172966840851 0.44900563164440366 0.3916741867416322 0.38267863102926136 0.4113123370233188 0.38399999849643035 0.09742320287752594 0.12737570052450728 0.11159556119638618 0.15825653495439493 0.13830241005277905 0.20589037267405566 0.14630814004576598 0.216775146977773 0.18607849458455827 0.1813220824839872 0.04659515286105671 0.04683852746186531 0.04598222136588439 0.07032633818508142 0.05030583040598818 0.07032408342720262 0.04672596406078049 0.04757097261467569 0.06830932389180812 0.04757176797342072 0.06859457239560723 0.045960961879394115
-152.0 -43.8186483126922 0.0 -27.923201239198644 0.0 0.0 -6.584174811536371 0.0 -152.0 -32.9432827833101 0.0 0.0 0.0 0.0 -76.08199627460128 -37.83529315191985 -7.40277310434248 -17.694445473476218 -13.123381246636704 -15.06336362802805 0.0 -15.838866928513344 -3.9848830279708487 -47.417383899385214 -8.522967825962773 -152.0 -4.661224171345205 -4.769009427034457 -4.868291353125959 0.0 -5.234845975777553 0.0 -4.800041312739788 -4.911088460541569 0.0 -4.912616211594281 0.0 -4.722456790005861

1647266442908839464
0.40888550877571106 0.4067665636539459 0.42504698038101196 0.4422987401485443 0.39174360036849976 0.381985068321228 0.38648709654808044 0.3941165804862976 0.5040814280509949 0.39766740798950195 0.43831661343574524 0.4597223103046417 0.4051848351955414 0.3972054421901703 0.40715569257736206 0.3847183883190155 0.09812311828136444 0.12639200687408447 0.11135287582874298 0.15844911336898804 0.17158323526382446 0.21875925362110138 0.1706666350364685 0.16594353318214417 0.20744433999061584 0.15767113864421844 0.046615272760391235 0.04684748873114586 0.04596294090151787 0.0 0.05029720067977905 0.0 0.04672761633992195 0.04756950959563255 0.0 0.0475701168179512 0.0 0.04596245661377907
0.4304933587674412 0.40713655607573107 0.41459899114138365 0.4394567382625817 0.3523809125185987 0.34947159854340076 0.37927555676652336 0.36210650171670256 0.5175270968622309 0.39677156061043545 0.4303238956871493 0.4485820190001505 0.3915566084583222 0.38278097339526 0.41133173180492977 0.3842642505290917 0.09760875665867279 0.12718384021217433 0.11158062093258504 0.1582719731867298 0.13827735440789843 0.20665337236199896 0.14733019899485292 0.21820474084611916 0.18361575208564565 0.17962898637935992 0.04659590441272167 0.046839288601213974 0.04598148905929752 0.07032629613970919 0.05030510124489077 0.07032403949859126 0.046725935017955016 0.04757099607493047 0.06830932435830513 0.04757179707708803 0.06859457428792104 0.04596093767115845
-152.0 -47.33835408300676 0.0 -30.63203526416644 0.0 0.0 -4.360538093899763 0.0 -152.0 -31.12607191521945 0.0 0.0 0.0 0.0 -76.33915916519567 -39.90172116261531 -6.590520207865841 -18.598927010642974 -12.992359858197936 -15.198909691877644 0.0 -16.25161596657096 -4.543735609135297 -48.3277080856057 -7.0710045655263585 -152.0 -4.6543679544587695 -4.761600274508762 -4.874954636917123 0.0 -5.241913370022392 0.0 -4.799821488911395 -4.9112796565175385 0.0 -4.9128359729901305 0.0 -4.722261086030948

1647266442923801422
0.40880391001701355 0.4063725173473358 0.4249918460845947 0.441987544298172 0.3925866186618805 0.38322094082832336 0.3873584568500519 0.39503344893455505 0.5040814280509949 0.39766740798950195 0.43831661343574524 0.4597223103046417 0.4051848351955414 0.3972054421901703 0.40715569257736206 0.3847183883190155 0.09831271320581436 0.12619303166866302 0.11135286092758179 0.15844912827014923 0.17158323526382446 0.21875925362110138 0.1706666350364685 0.16594353318214417 0.20744433999061584 0.15767113864421844 0.046615272760391235 0.04684748873114586 0.04596294090151787 0.0 0.05029720067977905 0.0 0.04672761633992195 0.04756950959563255 0.0 0.0475701168179512 0.0 0.04596245661377907
0.4305107019913387 0.4071922074972075 0.41488921921003097 0.43953051907478 0.3532749852963609 0.350148574118199 0.38013739992812784 0.3630041664195438 0.5173002815905406 0.39653370485201167 0.43003080409641187 0.4481581172655047 0.3914504180681466 0.38289482926855595 0.41135886776728925 0.3845346487963302 0.09779585655974812 0.12699022887006603 0.11156407939677189 0.15828906384012476 0.13827406002285134 0.20751248958264523 0.14855407438574034 0.21974138170348023 0.18088420576568887 0.17783858720382809 0.04659612022202389 0.04683948740125229 0.04598127807582315 0.07032628598248125 0.05030490954108409 0.07032402503503817 0.04672590623940035 0.047571020436960806 0.06830932511899405 0.047571825873081015 0.06859457593651698 0.04596091266229605
-152.0 -50.32441202468375 0.0 -33.014844574064924 0.0 0.0 -4.988299032173366 0.0 -152.0 -29.27834870322641 0.0 0.0 0.0 0.0 -76.64704374086352 -41.999274583603224 -6.589485214455987 -18.619790970295245 -12.849879666032061 -15.346271718266655 0.0 -16.698142720634355 -5.204234776320515 -49.324450583070565 -5.472745211906631 -149.38915630923933 -4.651193906297416 -4.758103973163475 -4.87803496589415 0.0 -5.245242587710782 0.0 -4.799603821673613 -4.911477775470488 0.0 -4.913053240903321 0.0 -4.722059246607371

1647266442938854932
0.40880391001701355 0.4063725173473358 0.4249918460845947 0.441987544298172 0.3925866186618805 0.38322094082832336 0.3873584568500519 0.39503344893455505 0.5040814280509949 0.39766740798950195 0.43831661343574524 0.4597223103046417 0.4051848351955414 0.3972054421901703 0.40715569257736206 0.3847183883190155 0.09831271320581436 0.12619303166866302 0.11135286092758179 0.15844912827014923 0.17158323526382446 0.21875925362110138 0.1706666350364685 0.16594353318214417 0.20744433999061584 0.15767113864421844 0.046615272760391235 0.04684748873114586 0.04596294090151787 0.0 0.05029720067977905 0.0 0.04672761633992195 0.04756950959563255 0.0 0.0475701168179512 0.0 0.04596245661377907
0.43049729949302373 0.4072156679811755 0.41516301481639734 0.4395637796369357 0.3542216064490509 0.3508972623163821 0.38105728469850597 0.36398309811180113 0.5170717601664566 0.39629143574527737 0.42973862305030447 0.44773490650213243 0.3913550827339093 0.3830189371798075 0.4113931177499407 0.38480991935436726 0.09798237356453639 0.12679706841516108 0.11154600562830422 0.1583077348761716 0.13830822963500908 0.20843472615750805 0.14997096054294204 0.22139757494213852 0.1778795683984219 0.17595380460409676 0.04659616238253261 0.04683950593377312 0.045981236050208575 0.0703262865581465 0.050304890169842846 0.07032401961238993 0.04672587775360745 0.04757104570464521 0.06830932618140394 0.047571854331875926 0.06859457733335937 0.0459608868518263
-152.0 -50.13258316248909 0.0 -32.795627174628635 0.0 0.0 -12.55770260212023 0.0 -151.1330280618496 -27.40661123853124 0.0 0.0 0.0 0.0 -77.00074298771696 -44.11916929973492 -7.938746728146283 -17.221388593537995 -12.696645487939868 -15.504712005504484 0.0 -17.158640362031647 -5.958997731946473 -50.38565941940453 -3.7273947507182648 -134.17554155274297 -4.649929398675521 -4.756660064313237 -4.879256679078155 0.0 -5.246611156280826 0.0 -4.799388665402559 -4.911682796543522 0.0 -4.913267650773877 0.0 -4.721851322812763

1647266442954006433
0.40880391001701355 0.4063725173473358 0.4249918460845947 0.441987544298172 0.3925866186618805 0.38322094082832336 0.3873584568500519 0.39503344893455505 0.5040814280509949 0.39766740798950195 0.43831661343574524 0.4597223103046417 0.4051848351955414 0.3972054421901703 0.40715569257736206 0.3847183883190155 0.09831271320581436 0.12619303166866302 0.11135286092758179 0.15844912827014923 0.17158323526382446 0.21875925362110138 0.1706666350364685 0.16594353318214417 0.20744433999061584 0.15767113864421844 0.046615272760391235 0.04684748873114586 0.04596294090151787 0.0 0.05029720067977905 0.0 0.04672761633992195 0.04756950959563255 0.0 0.0475701168179512 0.0 0.04596245661377907
0.4304551251629522 0.40720824140894474 0.4154212721497163 0.43955923203278835 0.35521824941733676 0.35171426830605035 0.3820311014894495 0.36503609694248845 0.5168422827504561 0.3960456818837209 0.4294480781703011 0.44731354760950126 0.39127006945008025 0.3831519698787178 0.4114338145131143 0.3850888261044635 0.09816209401125515 0.12661080276073677 0.11152644409825758 0.15832793956302985 0.1383881654768011 0.2093844471032137 0.15156884454195824 0.22317139969896965 0.17460090302373643 0.17397648804852445 0.04659614788281911 0.046839467295589805 0.0459812491376877 0.07032629095082424 0.050304925484701314 0.07032401672783269 0.046725849691619255 0.04757107187572961 0.06830932757444565 0.04757188231843036 0.06859457844588404 0.04596086025368432
-152.0 -49.7053832654897 0.0 -32.29890310121154 0.0 0.0 -20.483294474367483 0.0 -149.44139096312867 -25.519761445773135 0.0 0.0 0.0 0.0 -77.39468573023075 -46.25159464641502 -9.193692711424346 -15.919760031590926 -12.53256364106576 -15.674324043847712 0.0 -17.615325769299645 -6.802031595820706 -51.509329784439615 -1.835533355108474 -118.28731456301364 -4.649259199807336 -4.755842240084413 -4.879900024450761 0.0 -5.247381354411016 0.0 -4.799178584903984 -4.911894621280417 0.0 -4.913476561486752 0.0 -4.721637637319076

1647266442969039440
0.40880391001701355 0.4063725173473358 0.4249918460845947 0.441987544298172 0.3925866186618805 0.38322094082832336 0.3873584568500519 0.39503344893455505 0.5040814280509949 0.39766740798950195 0.43831661343574524 0.4597223103046417 0.4051848351955414 0.3972054421901703 0.40715569257736206 0.3847183883190155 0.09831271320581436 0.12619303166866302 0.11135286092758179 0.15844912827014923 0.17158323526382446 0.21875925362110138 0.1706666350364685 0.16594353318214417 0.20744433999061584 0.15767113864421844 0.046615272760391235 0.04684748873114586 0.04596294090151787 0.0 0.05029720067977905 0.0 0.04672761633992195 0.04756950959563255 0.0 0.0475701168179512 0.0 0.04596245661377907
0.4303846952355318 0.4071697054589195 0.4156632027275759 0.4395175137211522 0.3562615877166066 0.35259650266299125 0.38305448407202264 0.3661567710821503 0.5166126913139737 0.3957974823766206 0.429160003169822 0.4468953526810605 0.3911948532300217 0.3832925649020552 0.41148026583558894 0.3853698956319599 0.09833159120442705 0.12643500327988788 0.11150542787388043 0.15834964293252876 0.1385073017158547 0.20969121405875865 0.15256751949768307 0.2247316201490796 0.17173834267070234 0.17207431887046049 0.04659611396957064 0.046839409903281545 0.04598128109958349 0.07032629681319286 0.05030497875459869 0.07032401450108189 0.046725822172330976 0.04757109894253768 0.06830932932288687 0.04757190971043951 0.06859457924564968 0.0459608328856618
-152.0 -49.042443465539755 0.0 -31.531560411216194 0.0 0.0 -28.73039620699484 0.0 -147.75847724895874 -23.62651107830779 0.0 0.0 0.0 0.0 -77.82355039082205 -48.383024415050876 -10.331864502546615 -14.738455961687025 -12.357989320597348 -15.854734977856475 0.0 -17.121242248433543 -6.603429162409213 -52.214811271232705 -0.8044696038484069 -106.28574982867504 -4.648770895922442 -4.755220569459538 -4.880366301029584 0.0 -5.247964161237096 0.0 -4.798973625118008 -4.912113139948457 0.0 -4.913679931052143 0.0 -4.7214182944214835

1647266442983797311
0.4087809920310974 0.40591418743133545 0.4249173700809479 0.4416244328022003 0.3936065137386322 0.3846369981765747 0.3883487284183502 0.3960735499858856 0.5040814280509949 0.39766740798950195 0.43831661343574524 0.4597223103046417 0.4051848351955414 0.3972054421901703 0.40715569257736206 0.3847183883190155 0.09854162484407425 0.12594564259052277 0.11135285347700119 0.15844912827014923 0.17158323526382446 0.21875925362110138 0.1706666350364685 0.16594353318214417 0.20744433999061584 0.15767113864421844 0.046615272760391235 0.04684748873114586 0.04596294090151787 0.0 0.05029720067977905 0.0 0.04672761633992195 0.04756950959563255 0.0 0.0475701168179512 0.0 0.04596245661377907
0.4302832480866315 0.40709653087527 0.4158850321341519 0.4394347414802664 0.35734925391305616 0.3535436717368472 0.38412510968104874 0.3673432164981847 0.5163838533376053 0.39554791224484187 0.4288752608865397 0.4464816644868951 0.39112891483140155 0.3834393916207026 0.41153178390320533 0.3856516578831004 0.09849509346710197 0.12626530242282208 0.1114830217394459 0.15837277728111848 0.13863916436493245 0.20870547755050337 0.15218489950090971 0.225746618794754 0.16999729361179958 0.17034796376866537 0.04659606318518714 0.04683933510635463 0.04598132947243991 0.07032630375987285 0.05030504866200505 0.07032401310064283 0.04672579524493762 0.047571126893511825 0.06830933143486785 0.04757193645762998 0.06859457972246744 0.04596080476277369
-152.0 -51.49962910175346 0.0 -33.11170681028892 0.0 0.0 -29.889127456870284 0.0 -146.091069735674 -21.73531289170075 0.0 0.0 0.0 0.0 -78.28227150350166 -50.5028277582552 -9.796489151467737 -15.366986458031 -12.173857113845667 -16.045031574509018 0.0 -15.972163219438968 -5.704969921343034 -52.64560813987384 -0.3462025352792537 -94.55020353119123 -4.648129354644081 -4.75442308310858 -4.880981774037432 0.0 -5.248714656520633 0.0 -4.798773497271654 -4.91233822104734 0.0 -4.91387806245394 0.0 -4.721193388023626

1647266442998688697
0.4088170826435089 0.4058283269405365 0.4249177873134613 0.4415655732154846 0.393860399723053 0.3849553167819977 0.38857561349868774 0.3963002562522888 0.5040814280509949 0.39766740798950195 0.43831661343574524 0.4597223103046417 0.4051848351955414 0.3972054421901703 0.40715569257736206 0.3847183883190155 0.09859795868396759 0.1258818656206131 0.11135285347700119 0.15844912827014923 0.17158323526382446 0.21875925362110138 0.1706666350364685 0.16594353318214417 0.20744433999061584 0.15767113864421844 0.046615272760391235 0.04684748873114586 0.04596294090151787 0.0 0.05029720067977905 0.0 0.04672761633992195 0.04756950959563255 0.0 0.0475701168179512 0.0 0.04596245661377907
0.4301518031381701 0.40698899692997015 0.41608690983955243 0.43931234725405727 0.35847923408203647 0.354553162574165 0.3852397262768585 0.3685895755296732 0.5161566549018421 0.3952980741837114 0.42859473685566235 0.44607384557707036 0.3910717459027787 0.383591160830432 0.41158769141983875 0.3859326829713092 0.09865060115524706 0.1261037906412173 0.11145932362876868 0.15839724069987435 0.13883843046671226 0.2071396623484898 0.15133102144023344 0.22657499348974236 0.1686142355458227 0.1685696462331813 0.04659601295737012 0.04683926222152358 0.04598137728907037 0.07032631093228597 0.05030511676601194 0.0703240113308567 0.04672576893203317 0.04757115571297996 0.06830933391147312 0.04757196253731884 0.06859457987365343 0.04596077590138578
-152.0 -50.93144272191942 0.0 -32.16119859347816 0.0 0.0 -37.058119519189745 0.0 -144.44602704333022 -19.854750294094455 0.0 0.0 0.0 0.0 -78.76592554214572 -52.60079336413122 -10.433487080870567 -14.744381627664971 -11.981186841275289 -16.244039828699417 0.0 -14.885172981046559 -5.034989621913461 -53.16410816298491 0.0 -80.21932611829614 -4.647737818098041 -4.753913758755027 -4.881353733559216 0.0 -5.249190250000232 0.0 -4.798578124259872 -4.912569700083747 0.0 -4.91407104165021 0.0 -4.72096306146486

1647266443013862133
0.4086931049823761 0.40537136793136597 0.4247990846633911 0.44119760394096375 0.39467117190361023 0.3861564099788666 0.38940343260765076 0.39718157052993774 0.5040814280509949 0.39766740798950195 0.43831661343574524 0.4597223103046417 0.4051848351955414 0.3972054421901703 0.40715569257736206 0.3847183883190155 0.09878147393465042 0.12568798661231995 0.11135283857584 0.15844914317131042 0.17158323526382446 0.21875925362110138 0.1706666350364685 0.16594353318214417 0.20744433999061584 0.15767113864421844 0.046615272760391235 0.04684748873114586 0.04596294090151787 0.0 0.05029720067977905 0.0 0.04672761633992195 0.04756950959563255 0.0 0.0475701168179512 0.0 0.04596245661377907
0.42999178607433863 0.4068477339347689 0.41626905611681975 0.4391522768138053 0.3596482826795261 0.35562107739400906 0.38639379423043196 0.36988837060324264 0.5159319960607721 0.3950490926010544 0.4283193352307164 0.44567327128971834 0.3910228526803162 0.38374663177787915 0.41164732631329903 0.3862115889621247 0.09879492819911546 0.12595379646971036 0.11143446342765043 0.15842289834219433 0.1391390588566791 0.20531503028646378 0.1504417849398712 0.2273632305345717 0.1672509799490687 0.1666544172622851 0.0465959586523458 0.04683918612885713 0.045981429062194545 0.07032631855167504 0.05030518795613969 0.07032400951759751 0.04672574324476121 0.04757118538139762 0.06830933675020241 0.047571987938782055 0.06859457970016826 0.04596074632036744
-152.0 -49.47207262447168 0.0 -30.507309626848112 0.0 0.0 -46.16074053119645 0.0 -142.83026217158087 -17.993503026109437 0.0 0.0 0.0 0.0 -79.2697555006103 -54.66715121913121 -11.357750040484554 -13.783474276890175 -11.781385269002955 -16.450360127730725 0.0 -13.811996860800345 -4.548411315487311 -53.72848126798855 0.0 -64.09652656185182 -4.647192430976284 -4.753247651085104 -4.881875366289049 0.0 -5.249815789305035 0.0 -4.798387476854969 -4.912807387110585 0.0 -4.914258906236949 0.0 -4.720727485690202

1647266443028774976
0.4086931049823761 0.40537136793136597 0.4247990846633911 0.44119760394096375 0.39467117190361023 0.3861564099788666 0.38940343260765076 0.39718157052993774 0.5040814280509949 0.39766740798950195 0.43831661343574524 0.4597223103046417 0.4051848351955414 0.3972054421901703 0.40715569257736206 0.3847183883190155 0.09878147393465042 0.12568798661231995 0.11135283857584 0.15844914317131042 0.17158323526382446 0.21875925362110138 0.1706666350364685 0.16594353318214417 0.20744433999061584 0.15767113864421844 0.046615272760391235 0.04684748873114586 0.04596294090151787 0.0 0.05029720067977905 0.0 0.04672761633992195 0.04756950959563255 0.0 0.0475701168179512 0.0 0.04596245661377907
0.429800290792854 0.406668971921447 0.4164276624327149 0.43895050904737365 0.3608541929423693 0.3567469365533514 0.3875851906807384 0.3712376491250936 0.5157107861295924 0.3948021074487731 0.4280499743777828 0.44528132269437326 0.39098175881276365 0.38390461796961245 0.4117100457576039 0.38648704822916524 0.09893273231540396 0.12581049606967717 0.1114086004459566 0.15844958507568616 0.13954209538285048 0.20335700477482194 0.14969904424110744 0.22814607759874037 0.16579249184036643 0.1645784497052982 0.04659586815086715 0.04683907277311336 0.04598151604685547 0.07032632848973377 0.05030529477135147 0.07032400948397399 0.046725718187587306 0.04757121587551371 0.0683093399460875 0.047572012658326036 0.06859457920538241 0.04596071604137144
-152.0 -51.10120091944201 0.0 -31.23533755827204 0.0 0.0 -49.32568609973862 0.0 -141.2507016273539 -16.160294312354115 0.0 0.0 0.0 0.0 -79.7891938055619 -56.69260942368221 -10.948617643671959 -14.231564298980693 -11.576104333638353 -16.66228689406681 0.0 -12.722236391642323 -4.216202209037231 -54.30263898321954 0.0 -46.58619118897065 -4.645945308260674 -4.751845192790055 -4.883079772774927 0.0 -5.251145034551697 0.0 -4.798201517287117 -4.913051066199643 0.0 -4.914441703590278 0.0 -4.720486854617748

