Bagfile: fixed_sp_allaxis
P=7500 I=200 D=200
Bagfile played from 60s for 2s.

Real Time Duraion:      2.000s
Duarion for Simulation: 2.013s

Recording started after 1s at step 800

Simulation Frequency:   800, equivalent to a Timestep of 1.25ms,
Logging Frequency:      30
Render Frequency:       30

Maximum Time Durations
Total:                  0.78ms at step 1071 (must not be larger than 1.25ms)
Control:                0.19ms
Log:                    0.26ms
Simulation:             0.68ms


RECORDING START
1647277774126717090
0.40774717926979065 0.40900149941444397 0.4242367744445801 0.44404664635658264 0.3824195861816406 0.36972203850746155 0.37753939628601074 0.38479989767074585 0.5040813684463501 0.39766737818717957 0.43831661343574524 0.45972228050231934 0.4051848351955414 0.3972054421901703 0.40715569257736206 0.3847184181213379 0.09614075720310211 0.12851834297180176 0.11135305464267731 0.1584489345550537 0.17158323526382446 0.21875925362110138 0.1706666350364685 0.16594353318214417 0.20744433999061584 0.15767113864421844 0.046615272760391235 0.04684748873114586 0.04596294090151787 0.0 0.05029720067977905 0.0 0.04672761633992195 0.04756950959563255 0.0 0.0475701168179512 0.0 0.04596245661377907
0.4305188673774862 0.40739084645512547 0.41698388672087533 0.439923605017956 0.3602758517264558 0.35582175439386277 0.38680678275782954 0.3699361255097013 0.5163054231578864 0.39525478114188217 0.4289757327775367 0.4464438473098279 0.3920942169090781 0.384648492923988 0.412259985742099 0.3865028041315227 0.09524430221367895 0.12961742259245984 0.11139247170117879 0.15846622459486795 0.13495787509582083 0.20676235690754247 0.14913844914599791 0.19380151665409145 0.21053129529824108 0.20442226063970392 0.0465959546709636 0.046849132774988325 0.04598125584943545 0.07032868745348965 0.05029579961306153 0.070320961220902 0.04672542532409496 0.047571491735771194 0.06830934663957228 0.04757230396733285 0.0685945980398346 0.04596043715058332
-152.0 -28.54028230460721 0.0 -16.270533183585755 0.0 0.0 -137.87954988976784 0.0 -141.20593217588538 -16.829983590106135 0.0 0.0 0.0 0.0 -82.15149852144629 -57.42020992015959 -0.08718368100194773 -23.96006514917702 -10.962515425924584 -16.46946812114919 0.0 -15.21596093463532 -5.035230907987895 -32.25536247421174 -22.864187296935697 -152.0 -4.507576446046784 -4.686239784730017 -4.7424472731374046 0.0 -5.0295048992470415 0.0 -4.655581843784473 -4.772746825744528 0.0 -4.774151564431442 0.0 -4.580178206428728

1647277774159192800
0.40810948610305786 0.40881961584091187 0.4244999885559082 0.44389915466308594 0.38398072123527527 0.37164774537086487 0.3789729177951813 0.3862972557544708 0.5040814280509949 0.39766737818717957 0.43831661343574524 0.45972228050231934 0.4051848351955414 0.3972054421901703 0.40715569257736206 0.3847184181213379 0.09646403789520264 0.12817047536373138 0.11135303229093552 0.1584489494562149 0.17158323526382446 0.21875925362110138 0.1706666350364685 0.16594353318214417 0.20744433999061584 0.15767113864421844 0.046615272760391235 0.04684748873114586 0.04596294090151787 0.0 0.05029720067977905 0.0 0.04672761633992195 0.04756950959563255 0.0 0.0475701168179512 0.0 0.04596245661377907
0.4300735470583964 0.4069562492237787 0.4177339399802351 0.4395255107201345 0.36443141506679144 0.3596757932361033 0.390811350160828 0.3743171481415825 0.515666806057007 0.3945375221469738 0.4281931345723202 0.44530297242577316 0.39197466571585304 0.3851095477177909 0.4124432022499304 0.38730529249667733 0.09516273260655916 0.12970094290474837 0.11131140380320088 0.15854982444145643 0.1352078761723402 0.20693281288206444 0.14850766105706342 0.19692351146649534 0.20814838900629304 0.2019589087012132 0.0465944476924569 0.04684722945179996 0.0459827209497434 0.07032874756305402 0.05029760839985629 0.07032108715049884 0.046725330453484745 0.04757162864870904 0.06830936469957657 0.04757239675042299 0.06859459160875828 0.04596030283533807
-152.0 -24.448683167751884 0.0 -12.022519061589357 0.0 0.0 -152.0 0.0 -137.14545474392787 -12.026951448430442 0.0 0.0 0.0 0.0 -83.71284981081112 -62.81914355336663 0.0 -25.814441084628573 -10.342010811718712 -17.109456148126693 0.0 -15.75608195802112 -5.1775952745710185 -34.2207946287438 -21.392252203537073 -152.0 -4.488740623307923 -4.664221605918635 -4.760763860289924 0.0 -5.050473905953327 0.0 -4.654896223891952 -4.773844403627518 0.0 -4.774817995185916 0.0 -4.579108453673995

1647277774191710948
0.4083167314529419 0.40862661600112915 0.4246811270713806 0.44375622272491455 0.38517993688583374 0.373195081949234 0.3801233172416687 0.38748452067375183 0.5040814280509949 0.39766737818717957 0.43831661343574524 0.45972228050231934 0.4051848351955414 0.3972054421901703 0.40715569257736206 0.3847183883190155 0.09672258794307709 0.12789370119571686 0.11135301738977432 0.1584489643573761 0.17158323526382446 0.21875925362110138 0.1706666350364685 0.16594353318214417 0.20744433999061584 0.15767113864421844 0.046615272760391235 0.04684748873114586 0.04596294090151787 0.0 0.05029720067977905 0.0 0.04672761633992195 0.04756950959563255 0.0 0.0475701168179512 0.0 0.04596245661377907
0.42937511254143357 0.40617861305724995 0.41823053829887635 0.4387839918469532 0.36869819744423776 0.3638858335763329 0.39491003886977316 0.37887888132276015 0.5151642765284725 0.39395331036571507 0.42759481221017737 0.44442325282378137 0.39196002724075885 0.3855463093409272 0.412637814230544 0.3879702710696752 0.09527861091134812 0.12958228572484418 0.11123663064693556 0.15862688127090124 0.13512627720596015 0.20881691813287348 0.14982126352074182 0.20082139733709858 0.20453650803998977 0.19867571946206017 0.046591729184943885 0.046844077549884774 0.045985364698084306 0.07032888407968506 0.05030061090465898 0.07032127396962749 0.04672524151129843 0.04757177384821944 0.06830938625369938 0.04757248309690592 0.06859458205343118 0.04596016147936625
-152.0 -18.161465929868136 0.0 -5.745377645537886 0.0 0.0 -152.0 -1.9396500363464355 -134.35463979567305 -8.539627497991475 0.0 0.0 0.0 0.0 -85.21258492021676 -66.89901443753186 0.0 -25.71023321097867 -9.856211945702535 -17.610176575897444 0.0 -17.044358014655323 -6.1889454965043775 -36.61237340054619 -19.18782369339582 -152.0 -4.462207897695952 -4.634442469810739 -4.786564266808875 0.0 -5.078863596765321 0.0 -4.654243623314172 -4.774988935321749 0.0 -4.775448545791507 0.0 -4.57799874881376

1647277774227257251
0.40842166543006897 0.40839895606040955 0.4247629940509796 0.44355693459510803 0.38614925742149353 0.37449049949645996 0.3810651898384094 0.38848769664764404 0.5040814280509949 0.39766737818717957 0.43831661343574524 0.45972228050231934 0.4051848351955414 0.3972054421901703 0.40715569257736206 0.3847184181213379 0.09691336750984192 0.12769131362438202 0.11135295033454895 0.15844903886318207 0.17158323526382446 0.21875925362110138 0.1706666350364685 0.16594353318214417 0.20744433999061584 0.15767113864421844 0.046615272760391235 0.04684748873114586 0.04596294090151787 0.0 0.05029720067977905 0.0 0.04672761633992195 0.04756950959563255 0.0 0.0475701168179512 0.0 0.04596245661377907
0.42851059785610823 0.40512791815184823 0.41854623200709096 0.4378232318802404 0.3730207229884078 0.36833978204591095 0.3990138625283529 0.3834939628089289 0.5148324611778505 0.39354643643437914 0.42721689173467847 0.44385501390280024 0.3920373095071705 0.3859278175224504 0.4128254699811465 0.3884624482164457 0.09561678815734972 0.12923566350923593 0.11121902630244582 0.15864503854505305 0.1353581222911608 0.21147558598836189 0.15222679334956382 0.20549707035315248 0.19948224073444687 0.1946010569648216 0.04658818137179661 0.04684006095306604 0.045988814950591865 0.07032907044382032 0.05030443949508299 0.07032150486066473 0.04672515943356354 0.04757192779967626 0.06830941162567913 0.04757256202278362 0.06859456905402862 0.045960012743079814
-152.0 -11.922030059558264 0.0 0.0 0.0 -9.883548463799798 -152.0 -19.416523704198973 -133.0072163459948 -6.592722640467379 0.0 0.0 0.0 0.0 -86.57832239771943 -69.53365841697588 0.0 -25.91302706674366 -10.164403060163497 -17.29324420579731 0.0 -18.36368692230269 -7.401718535008001 -39.405997396627285 -16.20031682073379 -152.0 -4.430818675606566 -4.599336698541709 -4.81708774189649 0.0 -5.112334428432895 0.0 -4.653629206916842 -4.7761842053386765 0.0 -4.776037736350538 0.0 -4.576846110962845

1647277774259789228
0.40842166543006897 0.40839895606040955 0.4247629940509796 0.44355693459510803 0.38614925742149353 0.37449049949645996 0.3810651898384094 0.38848769664764404 0.5040814280509949 0.39766737818717957 0.43831661343574524 0.45972228050231934 0.4051848351955414 0.3972054421901703 0.40715569257736206 0.3847184181213379 0.09691336750984192 0.12769131362438202 0.11135295033454895 0.15844903886318207 0.17158323526382446 0.21875925362110138 0.1706666350364685 0.16594353318214417 0.20744433999061584 0.15767113864421844 0.046615272760391235 0.04684748873114586 0.04596294090151787 0.0 0.05029720067977905 0.0 0.04672761633992195 0.04756950959563255 0.0 0.0475701168179512 0.0 0.04596245661377907
0.42761685447640013 0.403946501905852 0.4187439366460388 0.436810970699018 0.3771094550025148 0.37268889115876774 0.4028278678627927 0.3877720313180123 0.5146946212162697 0.39334909210013813 0.42708239765437067 0.44363122275834915 0.3921898087264484 0.3862253949528649 0.4129884175097924 0.3887540830858276 0.09604321155932659 0.1287978815480203 0.11122375274666409 0.15864017558598686 0.13622633595913197 0.21348030876015892 0.15419644393378049 0.21084253449240506 0.19293225015661433 0.18962853014924808 0.04658363552259745 0.04683496828453913 0.045993235815205445 0.07032930951483926 0.050309295085631874 0.07032179759210312 0.04672507250218553 0.047572080059639275 0.06830943547598683 0.047572646019609095 0.06859455759814338 0.04595986511126744
-152.0 -1.478773350203575 -1.1576306336964919 0.0 0.0 -52.51592740032789 -152.0 -57.32552103146044 -133.20030919692138 -6.355504281528255 0.0 0.0 0.0 0.0 -87.64339619611755 -70.52120648085972 -3.869045207790723 -20.342644940109132 -10.170792667333394 -17.287012405894046 0.0 -18.966719876666232 -7.953011702843392 -42.527206184006225 -12.414021977634311 -152.0 -4.388993853898863 -4.552970449826004 -4.857758911138668 0.0 -5.156550800398781 0.0 -4.652925769389357 -4.777352692739266 0.0 -4.776719773989185 0.0 -4.575709863753326

1647277774292377710
0.40842166543006897 0.40839895606040955 0.4247629940509796 0.44355693459510803 0.38614925742149353 0.37449049949645996 0.3810651898384094 0.38848769664764404 0.5040814280509949 0.39766737818717957 0.43831661343574524 0.45972228050231934 0.4051848351955414 0.3972054421901703 0.40715569257736206 0.3847183883190155 0.09691336750984192 0.12769131362438202 0.11135292053222656 0.15844905376434326 0.17158323526382446 0.21875925362110138 0.1706666350364685 0.16594353318214417 0.20744433999061584 0.15767113864421844 0.046615272760391235 0.04684748873114586 0.04596294090151787 0.0 0.05029720067977905 0.0 0.04672761633992195 0.04756950959563255 0.0 0.0475701168179512 0.0 0.04596245661377907
0.426804863117937 0.40279425553632714 0.41881302650407376 0.43585989752900944 0.38056590879858676 0.37646732028755775 0.40599829994493564 0.391308229777242 0.5147492450136729 0.3933656964812256 0.4271851531418578 0.44374519001567725 0.3923950447294842 0.386419032418416 0.4131126160555022 0.38883712378748336 0.09634668337451563 0.1284858440328448 0.11122489503886344 0.15863899986519403 0.13737507119339196 0.21373614378231717 0.15463062651467788 0.2167179012410953 0.1846717336472454 0.18328448253824867 0.04657727223115828 0.04682793088423839 0.04599942356454392 0.07032964758360663 0.050316006505318006 0.07032219832106122 0.04672498071804507 0.04757223386499346 0.06830945863796306 0.04757273495955975 0.06859454705813714 0.045959715625554474
-152.0 0.0 -0.6579609205744674 0.0 -17.948290905355094 -76.30390154361355 -152.0 -78.6661150749338 -134.78045051500567 -7.680450589445869 0.0 0.0 0.0 0.0 -88.38478804948333 -69.97273217135805 -5.041997511659809 -19.135422707319016 -10.169333166525293 -17.289011407390298 0.0 -18.479242283455548 -7.604163826813014 -45.90945780139942 -7.602720817104501 -152.0 -4.327417127718891 -4.485536687458358 -4.917628417585364 0.0 -5.220869239050798 0.0 -4.6521942286582885 -4.778506219114163 0.0 -4.7774313628940135 0.0 -4.574584752524471

1647277774324736356
0.40861478447914124 0.4080665111541748 0.42489367723464966 0.44329071044921875 0.38759544491767883 0.37638118863105774 0.38244450092315674 0.38992950320243835 0.5040814280509949 0.39766737818717957 0.43831661343574524 0.45972228050231934 0.4051848351955414 0.3972054421901703 0.40715569257736206 0.3847183883190155 0.09722468256950378 0.12735725939273834 0.11135292053222656 0.15844905376434326 0.17158323526382446 0.21875925362110138 0.1706666350364685 0.16594353318214417 0.20744433999061584 0.15767113864421844 0.046615272760391235 0.04684748873114586 0.04596294090151787 0.0 0.05029720067977905 0.0 0.04672761633992195 0.04756950959563255 0.0 0.0475701168179512 0.0 0.04596245661377907
0.4260829943124024 0.4017435190577121 0.41870931791109556 0.4349864673416107 0.3831784155133172 0.37941079525999366 0.4083785719864798 0.3939770944133833 0.5149785303749683 0.39357480817812984 0.4275056966653423 0.4441683059423912 0.39265762326156217 0.38652807863326105 0.41320760686931923 0.38873592585574457 0.09655857363047687 0.1282677351498351 0.1112255141061286 0.15863836368325898 0.13830480905769277 0.21135671848423934 0.15347513007716362 0.22300758981031243 0.17456843694884597 0.17488347803155418 0.046568655560197375 0.046818516203146414 0.04600780004691894 0.07033011394396763 0.05032498543055158 0.07032272281096599 0.04672488218371252 0.047572380970631094 0.06830947852695905 0.04757283111968497 0.06859453954192295 0.04595957165469177
-152.0 0.0 0.0 0.0 -21.525941513901437 -78.99085852273751 -152.0 -82.80931419888009 -137.52790942979783 -10.266373384457708 0.0 0.0 0.0 0.0 -89.00577570734154 -68.24872568975374 -3.9888022771965854 -20.32197030399809 -10.171634722010072 -17.28703218324668 0.0 -15.795585270315236 -5.827327606552066 -49.262680704588945 -2.4792328702036315 -98.4354220786617 -4.250047994439425 -4.401653286344237 -4.992820097351813 0.0 -5.300865552338825 0.0 -4.65140175541494 -4.77959189230044 0.0 -4.778208416928196 0.0 -4.573516165983176

1647277774357233047
0.40873557329177856 0.40778279304504395 0.4249536395072937 0.44305849075317383 0.3886544704437256 0.3777729570865631 0.3834491968154907 0.39098599553108215 0.5040814280509949 0.39766737818717957 0.43831661343574524 0.45972228050231934 0.4051848351955414 0.3972054421901703 0.40715569257736206 0.3847183883190155 0.09742403030395508 0.12714076042175293 0.11135289818048477 0.15844908356666565 0.17158323526382446 0.21875925362110138 0.1706666350364685 0.16594353318214417 0.20744433999061584 0.15767113864421844 0.046615272760391235 0.04684748873114586 0.04596294090151787 0.0 0.05029720067977905 0.0 0.04672761633992195 0.04756950959563255 0.0 0.0475701168179512 0.0 0.04596245661377907
0.4254614403370889 0.4008649485865813 0.4184593964879525 0.4342069861818686 0.3848623361157019 0.38138329567700874 0.40993025962949636 0.3957629753757801 0.5153564846011667 0.393944948097227 0.4280154895505106 0.44486059621834895 0.39298198641313997 0.386573936989022 0.41328433519099034 0.38847846748943443 0.09671411465869227 0.12810750460873266 0.11122593084860881 0.15863793557059405 0.1397123801832254 0.20273240570550194 0.14923445320425843 0.22806137598977042 0.16599477580879907 0.16439443177857613 0.04655812649360915 0.046807093770349945 0.046018031169663236 0.07033068878818938 0.05033587662811102 0.07032334763595596 0.04672477883841082 0.04757252346526857 0.06830949612134984 0.047572932418786094 0.0685945341524536 0.04595943146483091
-152.0 0.0 0.0 0.0 -20.772009120483787 -77.6084879833366 -152.0 -83.29750521047393 -141.230706823515 -13.871854767348069 0.0 0.0 0.0 0.0 -89.53609499011378 -65.49482504171232 -3.5079444864231863 -20.901804602289793 -10.173424180995134 -17.285516743343777 0.0 -10.170632821245988 -3.952270716712091 -51.92918941787977 0.0 -2.733779596492134 -4.161749103669689 -4.306378055092015 -5.078588506619551 0.0 -5.391690023319693 0.0 -4.650579905004004 -4.78065083988965 0.0 -4.779016794063294 0.0 -4.572469358625133

1647277774389749288
0.4088146388530731 0.4074079096317291 0.4249964952468872 0.44276291131973267 0.3898618817329407 0.37940648198127747 0.3846256136894226 0.39221394062042236 0.5040814280509949 0.39766737818717957 0.43831661343574524 0.4597223103046417 0.4051848351955414 0.3972054421901703 0.40715569257736206 0.3847183883190155 0.09767668694257736 0.12686970829963684 0.11135289818048477 0.15844908356666565 0.17158323526382446 0.21875925362110138 0.1706666350364685 0.16594353318214417 0.20744433999061584 0.15767113864421844 0.046615272760391235 0.04684748873114586 0.04596294090151787 0.0 0.05029720067977905 0.0 0.04672761633992195 0.04756950959563255 0.0 0.0475701168179512 0.0 0.04596245661377907
0.42494574828654874 0.40019776122190037 0.41810570727762264 0.4335315042206957 0.38567096768769876 0.3824089774049163 0.4107213781009681 0.3967528102597721 0.5158509922332988 0.39443791220950364 0.42867856303146623 0.445772824594082 0.3933694980254364 0.3865772360824037 0.4133530110783724 0.3880946582633191 0.0968845621624417 0.1279317968889239 0.11122634366530938 0.158637508303612 0.14140302558458118 0.19664497784619933 0.14886815686109023 0.23019263488819475 0.1608232337770115 0.15731570175818438 0.046546802160941536 0.046794858110411626 0.04602902917944646 0.07033130956872286 0.05034753836506649 0.0703240053869652 0.04672467034014955 0.04757266023356117 0.06830951105282716 0.04757303925292441 0.06859453119588724 0.04595929604497535
-152.0 0.0 0.0 0.0 -13.090647061833593 -67.94828800464404 -152.0 -77.305604425051 -145.60475263119395 -18.154990252925487 0.0 0.0 0.0 0.0 -90.07653834062842 -61.98999600680659 -3.244254342802588 -21.25400371394531 -10.175995356088206 -17.283208323706805 0.0 -10.12185645177968 -4.376122776048101 -51.9885512921295 0.0 -25.39112505925622 -4.076483280921778 -4.214584998182041 -5.161358261980708 0.0 -5.479145627580202 0.0 -4.649716449062776 -4.7816595169844955 0.0 -4.779870021913993 0.0 -4.571464750777448

1647277774422231435
0.4088099002838135 0.4072718620300293 0.4250071346759796 0.4426627457141876 0.3902449309825897 0.3799515962600708 0.3850201666355133 0.39261943101882935 0.5040814280509949 0.39766737818717957 0.43831661343574524 0.4597223103046417 0.4051848351955414 0.3972054421901703 0.40715569257736206 0.3847183883190155 0.09775576740503311 0.12678633630275726 0.11135289072990417 0.15844909846782684 0.17158323526382446 0.21875925362110138 0.1706666350364685 0.16594353318214417 0.20744433999061584 0.15767113864421844 0.046615272760391235 0.04684748873114586 0.04596294090151787 0.0 0.05029720067977905 0.0 0.04672761633992195 0.04756950959563255 0.0 0.0475701168179512 0.0 0.04596245661377907
0.42456944016800996 0.39977972186612165 0.41772911650257166 0.4330128391818462 0.38575059853031823 0.38261872707832656 0.4108767949660206 0.3970673092449742 0.5164248476136067 0.39500892154468464 0.4294533957940965 0.4468474254929687 0.39382383236189217 0.3865658793585459 0.41342728779553783 0.3876225269650848 0.09709807955601521 0.1277115113264966 0.1112268148205673 0.15863701807813851 0.14109548201978359 0.19770156758826116 0.14872323770357837 0.22987669299981403 0.16176570377322647 0.15857866796680214 0.046536369191591244 0.04678359017566168 0.04603915581447203 0.07033188055601146 0.050358271945995514 0.07032460303677658 0.04672455666969992 0.04757279005042756 0.06830952299931735 0.047573151689797 0.06859453091673219 0.04595916651343749
-152.0 0.0 0.0 0.0 -6.764040353009683 -60.90452952125059 -152.0 -72.88881725573594 -150.35301061945825 -22.756071278479283 0.0 0.0 0.0 0.0 -90.74615164282015 -58.05972467855365 -4.397805981595972 -20.077747732127264 -10.179138193111173 -17.280245229142775 0.0 -10.442142405763297 -4.1792208533674735 -52.248527258690046 0.0 -32.921526411105575 -4.0064105667069185 -4.138992693241394 -5.229337357702208 0.0 -5.551118154274225 0.0 -4.648815152640436 -4.782610735613694 0.0 -4.780764500155055 0.0 -4.570509253696084

1647277774454773187
0.40887418389320374 0.40719789266586304 0.4250287711620331 0.44261083006858826 0.39055487513542175 0.38032934069633484 0.3852939009666443 0.3928969204425812 0.5040814280509949 0.39766740798950195 0.43831661343574524 0.4597223103046417 0.4051848351955414 0.3972054421901703 0.40715569257736206 0.3847183883190155 0.09782612323760986 0.12670785188674927 0.11135289072990417 0.15844909846782684 0.17158323526382446 0.21875925362110138 0.1706666350364685 0.16594353318214417 0.20744433999061584 0.15767113864421844 0.046615272760391235 0.04684748873114586 0.04596294090151787 0.0 0.05029720067977905 0.0 0.04672761633992195 0.04756950959563255 0.0 0.0475701168179512 0.0 0.04596245661377907
0.42434277617470173 0.3996081167127097 0.41737474875175273 0.43267217563255406 0.3852368925011317 0.38215302509277627 0.41050800789356234 0.3968161224212915 0.5170403836099373 0.39561239029494466 0.4302979389871735 0.4480252511322983 0.39435030375382774 0.38657257383142885 0.41352261358091147 0.387104443611487 0.09733494281244348 0.12746690705177302 0.11122744981102337 0.15863636035340367 0.14102691864333639 0.19793990963344021 0.14869906713836317 0.22979816597425623 0.16198460643618104 0.15886881645119816 0.04652820632100608 0.04677475155536921 0.04604707460869804 0.07033232701397701 0.050366686319877355 0.07032506520449903 0.04672443897566118 0.04757291216081376 0.06830953202497808 0.04757326857465894 0.06859453317218307 0.045959043664479414
-152.0 0.0 0.0 0.0 0.0 -51.09036243615455 -152.0 -65.968366839157 -152.0 -27.348773717908767 0.0 0.0 0.0 0.0 -91.66472133621792 -54.02416084871051 -5.726897135954798 -18.749191687999645 -10.184417512359655 -17.275177726435913 0.0 -10.277298831266918 -4.043001256091392 -52.6745447557557 0.0 -31.53439139567911 -3.9613687256067593 -4.090106145304032 -5.27300331637751 0.0 -5.597625915896862 0.0 -4.64789755805468 -4.783502312825537 0.0 -4.781678101688893 0.0 -4.569606814917874

1647277774487239122
0.40888550877571106 0.4067665636539459 0.42504698038101196 0.4422987401485443 0.39174360036849976 0.381985068321228 0.38648709654808044 0.3941165804862976 0.5040814280509949 0.39766740798950195 0.43831661343574524 0.4597223103046417 0.4051848351955414 0.3972054421901703 0.40715569257736206 0.3847183883190155 0.09812311828136444 0.12639200687408447 0.11135287582874298 0.15844911336898804 0.17158323526382446 0.21875925362110138 0.1706666350364685 0.16594353318214417 0.20744433999061584 0.15767113864421844 0.046615272760391235 0.04684748873114586 0.04596294090151787 0.0 0.05029720067977905 0.0 0.04672761633992195 0.04756950959563255 0.0 0.0475701168179512 0.0 0.04596245661377907
0.42425714555867056 0.39964742426690925 0.41706630676288103 0.43250631356315805 0.3842811988150242 0.38118097677411994 0.40973850657564626 0.39612141608762347 0.5176668395836563 0.39621079220853317 0.43117811162845276 0.4492580103403409 0.3949552447108906 0.3866283365847477 0.41365298863897904 0.3865765102064731 0.09758333075474776 0.12721013812756443 0.11122827238783756 0.15863551206068294 0.14101738844613357 0.19796912598185562 0.14869774664279378 0.22978988532382427 0.16200996904334936 0.15890501679978455 0.0465234369868761 0.046769520909393465 0.04605169843685001 0.07033258704662794 0.05037166135973105 0.07032533501071495 0.04672432093469284 0.047573026404591365 0.06830953891550709 0.04757338612260643 0.06859453706816122 0.04595892797790687
-152.0 0.0 0.0 0.0 0.0 -29.109722008179986 -152.0 -49.55775908925521 -152.0 -31.713348203956258 0.0 0.0 0.0 0.0 -92.92154725150918 -50.10610934665806 -5.706543942719847 -18.83646345157299 -10.190836501982401 -17.26894980712185 0.0 -10.135039836533773 -3.901240069385457 -53.09216171735959 0.0 -31.25940624771453 -3.948087909158475 -4.074903744879662 -5.285853227151704 0.0 -5.612045273562828 0.0 -4.646995082667203 -4.784335235178948 0.0 -4.782578392163931 0.0 -4.568759382137471

1647277774519771814
0.40880391001701355 0.4063725173473358 0.4249918460845947 0.441987544298172 0.3925866186618805 0.38322094082832336 0.3873584568500519 0.39503344893455505 0.5040814280509949 0.39766740798950195 0.43831661343574524 0.4597223103046417 0.4051848351955414 0.3972054421901703 0.40715569257736206 0.3847183883190155 0.09831271320581436 0.12619303166866302 0.11135286092758179 0.15844912827014923 0.17158323526382446 0.21875925362110138 0.1706666350364685 0.16594353318214417 0.20744433999061584 0.15767113864421844 0.046615272760391235 0.04684748873114586 0.04596294090151787 0.0 0.05029720067977905 0.0 0.04672761633992195 0.04756950959563255 0.0 0.0475701168179512 0.0 0.04596245661377907
0.42427500660095796 0.3998121845628081 0.41682501339610345 0.43247767001698956 0.38316161686102007 0.38001274268770513 0.408803360782858 0.3952211003914925 0.5182795223437208 0.3967740960363021 0.43206627733407293 0.45050652715077466 0.3956438205538845 0.38676059429343823 0.4138296829724925 0.38607116469543 0.09794959450205924 0.12683102436270602 0.11122924923667127 0.15863450621933742 0.1410169688080279 0.19796994769615262 0.14869821015680798 0.22979007104873422 0.16200979993140274 0.15890550279992058 0.04652262174727439 0.04676849787208307 0.046052485733183594 0.07033263282035847 0.05037262841151667 0.0703253819492436 0.04672420420450083 0.047573132753537514 0.06830954403895692 0.047573502625648995 0.0685945421908481 0.04595881962956319
-152.0 0.0 0.0 0.0 0.0 -10.466749558950276 -152.0 -35.11667592215662 -152.0 -35.655061830798246 -0.8380547268298528 0.0 0.0 0.0 -94.58549598731474 -46.538559763759736 -7.524785389370529 -16.97351883356589 -10.198584400624148 -17.26136284489173 0.0 -9.998196689507646 -3.758788371979012 -53.50787822723825 0.0 -31.21773827737161 -3.9576807752461565 -4.0841216637142255 -5.276517159925 0.0 -5.603213051975674 0.0 -4.6461082173455495 -4.78511017242992 0.0 -4.78346484248802 0.0 -4.567966383346023

1647277774552240371
0.4087809920310974 0.40591418743133545 0.4249173700809479 0.4416244328022003 0.3936065137386322 0.3846369981765747 0.3883487284183502 0.3960735499858856 0.5040814280509949 0.39766740798950195 0.43831661343574524 0.4597223103046417 0.4051848351955414 0.3972054421901703 0.40715569257736206 0.3847183883190155 0.09854162484407425 0.12594564259052277 0.11135285347700119 0.15844912827014923 0.17158323526382446 0.21875925362110138 0.1706666350364685 0.16594353318214417 0.20744433999061584 0.15767113864421844 0.046615272760391235 0.04684748873114586 0.04596294090151787 0.0 0.05029720067977905 0.0 0.04672761633992195 0.04756950959563255 0.0 0.0475701168179512 0.0 0.04596245661377907
0.4244128231334764 0.40009786041866446 0.41669901044766683 0.43261520071637183 0.38202148559415755 0.3787945296071542 0.40781645028481484 0.3942141155308867 0.5188552245471358 0.3972749781363285 0.4329347613089551 0.45173151269033573 0.39641656607836606 0.3869939913625441 0.4140609950905537 0.38562073887335113 0.09830664457726525 0.12646088331453234 0.111232597186376 0.15863105959350557 0.1410168071535948 0.19797009001573893 0.14869864961103232 0.22979039497968587 0.162009111561135 0.15890514784458526 0.046522543141075304 0.046768281415789495 0.046052558194376654 0.07033264324336141 0.050372827644811276 0.07032538167534999 0.04672408788941104 0.047573232045488446 0.068309547418225 0.047573618975239006 0.06859454859541413 0.04595871777129303
-152.0 0.0 0.0 0.0 0.0 0.0 -152.0 -19.557668427810455 -152.0 -38.96746643996525 -7.115885005226204 0.0 0.0 0.0 -96.70143764756942 -43.5824198664682 -8.457270261098687 -16.080722866933083 -10.25265453077914 -17.206117279121194 0.0 -9.863279778281024 -3.6161865201460373 -53.92298201076595 0.0 -31.226783265831898 -3.956720424796574 -4.082441720984915 -5.277416018165098 0.0 -5.604765752534043 0.0 -4.6452084384813785 -4.785841207159001 0.0 -4.78436632227546 0.0 -4.567212343852964

1647277774584745645
0.4088170826435089 0.4058283269405365 0.4249177873134613 0.4415655732154846 0.393860399723053 0.3849553167819977 0.38857561349868774 0.3963002562522888 0.5040814280509949 0.39766740798950195 0.43831661343574524 0.4597223103046417 0.4051848351955414 0.3972054421901703 0.40715569257736206 0.3847183883190155 0.09859795868396759 0.1258818656206131 0.11135285347700119 0.15844912827014923 0.17158323526382446 0.21875925362110138 0.1706666350364685 0.16594353318214417 0.20744433999061584 0.15767113864421844 0.046615272760391235 0.04684748873114586 0.04596294090151787 0.0 0.05029720067977905 0.0 0.04672761633992195 0.04756950959563255 0.0 0.0475701168179512 0.0 0.04596245661377907
0.4246338915270692 0.4004480615585494 0.41668319776658624 0.4328737663918432 0.3810038761674297 0.3776836108693869 0.40690674154429024 0.3932387380443442 0.5193707048104124 0.3976873417237469 0.4337529852241555 0.4528891532239202 0.39726676867182537 0.387349866996939 0.41435171015990047 0.3852592483821853 0.09865005244921825 0.1261043584215944 0.11124339267903813 0.15861993944048594 0.1410166211201208 0.197970360691072 0.14869904641479834 0.22979064852516373 0.16200859217329586 0.15890497362619627 0.046522470989870085 0.046768092836263035 0.04605262418833296 0.07033265747549575 0.05037300066831452 0.07032537566108485 0.046723971308263765 0.047573325142205886 0.06830954913060953 0.047573735840670955 0.0685945562783894 0.045958621552507455
-152.0 -3.3000325609963284 0.0 0.0 0.0 0.0 -152.0 -10.801431998626054 -152.0 -41.48714415923201 -12.857177330443825 0.0 0.0 0.0 -99.28026257656568 -41.47164332420572 -10.19996150706354 -14.309870487837074 -10.381191450475447 -17.07407336956355 0.0 -9.728288235129611 -3.4735903662089864 -54.33811043426167 0.0 -31.233622425795932 -3.9555740930183245 -4.0805648611522845 -5.278495373240132 0.0 -5.606506089729317 0.0 -4.64431389816873 -4.786528047914997 0.0 -4.785264126292735 0.0 -4.566499175304258

1647277774617403507
0.4086931049823761 0.40537136793136597 0.4247990846633911 0.44119760394096375 0.39467117190361023 0.3861564099788666 0.38940343260765076 0.39718157052993774 0.5040814280509949 0.39766740798950195 0.43831661343574524 0.4597223103046417 0.4051848351955414 0.3972054421901703 0.40715569257736206 0.3847183883190155 0.09878147393465042 0.12568798661231995 0.11135283857584 0.15844914317131042 0.17158323526382446 0.21875925362110138 0.1706666350364685 0.16594353318214417 0.20744433999061584 0.15767113864421844 0.046615272760391235 0.04684748873114586 0.04596294090151787 0.0 0.05029720067977905 0.0 0.04672761633992195 0.04756950959563255 0.0 0.0475701168179512 0.0 0.04596245661377907
0.42488980844844704 0.40080689464335995 0.4167447705307805 0.4331889411825439 0.3801760894032902 0.3767598901836718 0.40614436498691864 0.3923844179688794 0.519811947527684 0.39799796601598014 0.4344979883945247 0.4539476703003737 0.39817613789266276 0.38782984925534186 0.4146960242641333 0.3850035720884056 0.09894176341622896 0.1258010994157999 0.11125785849813635 0.15860503432188688 0.14101643700176703 0.19797062834366194 0.14869943913195863 0.22979089955326754 0.16200807806136 0.15890480116872308 0.046522390471269846 0.04676791500090338 0.046052698093435096 0.070332676137629 0.050373163763720454 0.07032536498166846 0.04672385644718194 0.04757341551590116 0.06830955052683735 0.047573851038572285 0.06859456405761334 0.04595852797832871
-152.0 -9.270494882064497 0.0 0.0 0.0 0.0 -152.0 0.0 -152.0 -43.20340086343533 -17.930592196483595 -6.527813346064889 0.0 0.0 -102.18790227041063 -40.195075218766775 -10.64516100679704 -13.869998866076347 -10.490600077120614 -16.96170731194341 0.0 -9.59329433037826 -3.330998366420971 -54.75324298672456 0.0 -31.240339765969026 -3.954330275308589 -4.0787645839080415 -5.279667271312091 0.0 -5.608176157488684 0.0 -4.643430977399341 -4.787223588660536 0.0 -4.786149611639724 0.0 -4.56577909039803

1647277774649745941
0.4086931049823761 0.40537136793136597 0.4247990846633911 0.44119760394096375 0.39467117190361023 0.3861564099788666 0.38940343260765076 0.39718157052993774 0.5040814280509949 0.39766740798950195 0.43831661343574524 0.4597223103046417 0.4051848351955414 0.3972054421901703 0.40715569257736206 0.3847183883190155 0.09878147393465042 0.12568798661231995 0.11135283857584 0.15844914317131042 0.17158323526382446 0.21875925362110138 0.1706666350364685 0.16594353318214417 0.20744433999061584 0.15767113864421844 0.046615272760391235 0.04684748873114586 0.04596294090151787 0.0 0.05029720067977905 0.0 0.04672761633992195 0.04756950959563255 0.0 0.0475701168179512 0.0 0.04596245661377907
0.4251660204855726 0.4011609986501866 0.41687457297951924 0.4335411549506004 0.37955428481875786 0.3760401706017766 0.40554877487378693 0.3916774674571628 0.5201654712320027 0.39819480518712347 0.4351445419449096 0.4548704764488654 0.39912040721918546 0.3884325188185601 0.4150862111422501 0.38487316538330674 0.09909507072713583 0.12564157407764415 0.11127480166544425 0.15858757611090926 0.1410162532185053 0.1979708950368743 0.14869983158993585 0.22979115063141678 0.16200756374731506 0.1589046280581156 0.04652230968533295 0.046767738864225715 0.046052772238625264 0.07033269520343872 0.050373325273306575 0.0703253538126767 0.04672373931565396 0.04757350187869181 0.06830955038127456 0.04757396873455486 0.0685945731838163 0.04595843786351152
-152.0 -11.850803964287618 0.0 0.0 0.0 0.0 -152.0 0.0 -152.0 -43.97799121617871 -22.11657126855286 -12.52041526982346 0.0 0.0 -105.43150995232037 -40.029819759503205 -10.837137938505931 -13.671342480603553 -10.64253657315972 -16.805519580075064 0.0 -9.458302388860158 -3.188409028657224 -55.168377186961585 0.0 -31.247058627322737 -3.953123741938764 -4.076916330244756 -5.280803869222048 0.0 -5.609890509547621 0.0 -4.642516035371902 -4.787867744504715 0.0 -4.78707012762663 0.0 -4.565103063259383

1647277774682243108
0.40855520963668823 0.40466219186782837 0.42460525035858154 0.44063764810562134 0.39593592286109924 0.3879677951335907 0.39064568281173706 0.39849045872688293 0.5040814280509949 0.39766740798950195 0.43831661343574524 0.4597223103046417 0.4051848351955414 0.3972054421901703 0.40715569257736206 0.3847183883190155 0.09909691661596298 0.1253487467765808 0.11135276407003403 0.1584492325782776 0.17158323526382446 0.21875925362110138 0.1706666350364685 0.16594353318214417 0.20744433999061584 0.15767113864421844 0.046615272760391235 0.04684748873114586 0.04596294090151787 0.0 0.05029720067977905 0.0 0.04672761633992195 0.04756950959563255 0.0 0.0475701168179512 0.0 0.04596245661377907
0.42540011819931134 0.40144696118608214 0.4170125269544168 0.4338450022523115 0.37914678463690277 0.3755505707957392 0.40514391537781747 0.3911723738028612 0.5204231373562792 0.39827022259701006 0.43567335932262996 0.45562757638297835 0.4000792622272267 0.3891581304067901 0.41551655390584774 0.38488712760675586 0.099172959081056 0.12556048643981407 0.11129384641782511 0.1585679479853276 0.1410160694734633 0.1979711617618373 0.14870022401285135 0.22979140165239734 0.1620070494849293 0.1589044549325667 0.04652222638637123 0.04676755417016831 0.04605284885635116 0.07033271338146715 0.05037349481600383 0.07032534412161277 0.0467236220443044 0.047573585713492274 0.06830954955592003 0.047574086673553354 0.06859458283243478 0.0459583500457664
-152.0 -18.686529145436793 0.0 0.0 0.0 0.0 -152.0 0.0 -152.0 -43.84892703343017 -25.343391686171532 -17.152589325670878 -6.412461100760417 0.0 -108.90191436136223 -40.97455718641854 -8.975391292504986 -15.692588207107722 -10.773017905698328 -16.671289139698246 0.0 -9.323312285442704 -3.045822237019964 -55.583512974881444 0.0 -31.253777580736394 -3.9518961120063816 -4.074937834072131 -5.281961697490734 0.0 -5.611726886315752 0.0 -4.641618298113595 -4.788527243951437 0.0 -4.787972304835595 0.0 -4.564414554770056

1647277774714789152
0.40855520963668823 0.40466219186782837 0.42460525035858154 0.44063764810562134 0.39593592286109924 0.3879677951335907 0.39064568281173706 0.39849045872688293 0.5040814280509949 0.39766740798950195 0.43831661343574524 0.4597223103046417 0.4051848351955414 0.3972054421901703 0.40715569257736206 0.3847183883190155 0.09909691661596298 0.1253487467765808 0.11135276407003403 0.1584492325782776 0.17158323526382446 0.21875925362110138 0.1706666350364685 0.16594353318214417 0.20744433999061584 0.15767113864421844 0.046615272760391235 0.04684748873114586 0.04596294090151787 0.0 0.05029720067977905 0.0 0.04672761633992195 0.04756950959563255 0.0 0.0475701168179512 0.0 0.04596245661377907
0.4255728522290908 0.4016495552947231 0.41713353205436104 0.4340728125490896 0.3789253648975269 0.37526856597883884 0.4049121843406125 0.3908632806673929 0.5205894307354275 0.39823619995582843 0.4360771203042917 0.4562079883681732 0.40101224146373027 0.38996755182642184 0.41596396719610373 0.3850313931707639 0.09919923612916105 0.12553312446876616 0.1113028505295892 0.15855866478783143 0.14101588574026952 0.19797142860982905 0.14870061641432375 0.22979165260099552 0.16200653531141881 0.1589042818616275 0.04652214679354333 0.04676736114992817 0.0460529219984939 0.07033272892642362 0.050373672089512406 0.07032533736641162 0.046723507765627524 0.04757367273735281 0.06830955023303027 0.04757420140169503 0.06859459110134015 0.04595825958293703
-152.0 -19.720214690777336 0.0 0.0 0.0 0.0 -152.0 0.0 -152.0 -43.007668621378556 -27.6217689560166 -20.44236665584293 -13.114060824324316 0.0 -112.34346058515337 -42.754714457671795 -8.80518717264624 -15.871684348086653 -10.754413247870609 -16.69081739015665 0.0 -9.18832398261708 -2.9032379865395814 -55.998650357689 0.0 -31.260495900572074 -3.9507103085665145 -4.07293518362277 -5.2830796679429906 0.0 -5.613585198528533 0.0 -4.640761432155516 -4.789229785341185 0.0 -4.788830650852291 0.0 -4.563690398885793

1647277774747218132
0.40852534770965576 0.4045936167240143 0.4245772361755371 0.440578430891037 0.3960250914096832 0.38810914754867554 0.39073890447616577 0.3985949158668518 0.5040814280509949 0.39766740798950195 0.43831661343574524 0.4597223103046417 0.4051848351955414 0.3972054421901703 0.40715569257736206 0.3847183883190155 0.0991150513291359 0.12533006072044373 0.11135275661945343 0.1584492325782776 0.17158323526382446 0.21875925362110138 0.1706666350364685 0.16594353318214417 0.20744433999061584 0.15767113864421844 0.046615272760391235 0.04684748873114586 0.04596294090151787 0.0 0.05029720067977905 0.0 0.04672761633992195 0.04756950959563255 0.0 0.0475701168179512 0.0 0.04596245661377907
0.42568205789778824 0.4017687066463237 0.4172338389107717 0.43422128695728984 0.37888007801958323 0.3751845636943344 0.4048463338927538 0.39074577118593845 0.5206760663806569 0.39811463362379035 0.43635897670325835 0.4566150149212962 0.4018784385314892 0.3908093334028645 0.4164029836842543 0.38527835996450166 0.09919924016943289 0.1255331203608634 0.11130357241275064 0.1585579185458166 0.14101570201691854 0.19797169558341307 0.1487010087961827 0.22979190347838677 0.16200602122630112 0.15890410884805584 0.046522072607623866 0.04676716252208417 0.046052990003559904 0.07033274194391913 0.05037385451687862 0.07032533319795693 0.04672340011926237 0.047573764535088464 0.06830955363190369 0.04757430910328006 0.06859459677408777 0.04595816535764202
-152.0 -20.091675427196076 0.0 0.0 0.0 0.0 -152.0 0.0 -152.0 -41.649911081946364 -29.028886875200705 -22.482596037459114 -19.101061269115025 0.0 -115.58577893940287 -45.13389604444765 -8.786356876278326 -15.893184771655378 -10.748742192537174 -16.69708065800804 0.0 -9.053337477051038 -2.7606562770661736 -56.41378933628821 0.0 -31.267213524169392 -3.949572208984456 -4.070903227074371 -5.284152103889621 0.0 -5.615470087229833 0.0 -4.639971365737089 -4.7899736068142955 0.0 -4.789618493084154 0.0 -4.562934569455439

1647277774779718160
0.408229798078537 0.4039541780948639 0.4244202673435211 0.4401300251483917 0.39697977900505066 0.38962483406066895 0.39179736375808716 0.39966973662376404 0.5040814280509949 0.39766740798950195 0.43831661343574524 0.4597223103046417 0.4051848351955414 0.3972054421901703 0.40715569257736206 0.3847183883190155 0.09939102083444595 0.1250455528497696 0.11135274171829224 0.15844924747943878 0.17158323526382446 0.21875925362110138 0.1706666350364685 0.16594353318214417 0.20744433999061584 0.15767113864421844 0.046615272760391235 0.04684748873114586 0.04596294090151787 0.0 0.05029720067977905 0.0 0.04672761633992195 0.04756950959563255 0.0 0.0475701168179512 0.0 0.04596245661377907
0.4257208748930988 0.40179825410751663 0.4173049160499529 0.4342806574711595 0.3790035743525686 0.3752939526846131 0.4049420531911586 0.39081984284867277 0.5206982495823608 0.39793209926955503 0.4365301018963239 0.4568624349862954 0.402643579258642 0.39163133186932353 0.41681123777205376 0.3855955146156822 0.09920662404924589 0.12552543080512735 0.1113037817501943 0.1585577003253949 0.14101551830301612 0.19797196268062697 0.14870140115904493 0.22979215428598443 0.16200550722802273 0.1589039358913347 0.04652199904291031 0.046766959787957765 0.04605305744730884 0.07033275401312711 0.050374040772675474 0.07032533017915418 0.04672329992934823 0.04757386011069449 0.06830955967167415 0.04757440896686169 0.0685945998454042 0.045958068356402294
-152.0 -24.843059427623768 0.0 -3.1561260958565214 0.0 0.0 -147.6950637489773 0.0 -152.0 -40.00054471007496 -29.689799935389455 -23.432318832700908 -24.147444108277494 -0.9446557225136587 -118.47446125670345 -47.83708874152657 -7.056446840294891 -17.673451139587947 -10.74837379856239 -16.697820651884694 0.0 -8.918352768433053 -2.618077108659776 -56.828929910855436 0.0 -31.27393044675894 -3.948315043832138 -4.068848312151628 -5.285338686777497 0.0 -5.617378194352769 0.0 -4.6392371102772145 -4.790739013929067 0.0 -4.790347929012814 0.0 -4.562164082572508

1647277774812237501
0.40826886892318726 0.4032767117023468 0.4242595434188843 0.43965718150138855 0.39831772446632385 0.3913727104663849 0.3930037021636963 0.4008673131465912 0.5040814280509949 0.39766740798950195 0.43831661343574524 0.4597223103046417 0.4051848351955414 0.3972054421901703 0.40715569257736206 0.3847183883190155 0.0997244194149971 0.12466854602098465 0.11135274171829224 0.15844924747943878 0.17158323526382446 0.21875925362110138 0.1706666350364685 0.16594353318214417 0.20744433999061584 0.15767113864421844 0.046615272760391235 0.04684748873114586 0.04596294090151787 0.0 0.05029720067977905 0.0 0.04672761633992195 0.04756950959563255 0.0 0.0475701168179512 0.0 0.04596245661377907
0.42563670497353495 0.40168156830867485 0.41729459093542975 0.43417861945468406 0.3793037934377045 0.37562414419616785 0.4052189857164056 0.3911303490143303 0.520674582023372 0.39772205735733535 0.43660884612464557 0.4569745590261477 0.4032727456619451 0.39237159325167725 0.41716444813472875 0.38593932784414486 0.0992926830614886 0.12543579315504916 0.11130355185360255 0.15855793369697055 0.14101533459825275 0.19797222989947233 0.14870179350337073 0.22979240502506765 0.1620049933152473 0.15890376299100037 0.04652191788535908 0.046766758169599555 0.046053132153491064 0.07033276839504264 0.050374226101669535 0.07032532513420367 0.04672320941661104 0.047573962428261826 0.06830956961284952 0.04757449858613757 0.06859459918364422 0.045957966071734406
-152.0 -28.07060927372819 0.0 -4.815495555279732 0.0 0.0 -141.89120396017407 0.0 -152.0 -38.37140132318983 -29.788470127177433 -23.546553691565176 -27.945132989453462 -5.78138076015248 -120.78608843092378 -50.43001857721167 -5.7674347283712954 -19.240814028818537 -10.743107881822553 -16.703588928912293 0.0 -8.783369856571161 -2.475500481414663 -57.244072081564575 0.0 -31.280646665613084 -3.9470723283508207 -4.066795418542416 -5.286511457196759 0.0 -5.6192842282745605 0.0 -4.638595027929001 -4.791588824936223 0.0 -4.790979003639592 0.0 -4.56132481229305

1647277774844744682
0.40826886892318726 0.4032767117023468 0.4242595434188843 0.43965718150138855 0.39831772446632385 0.3913727104663849 0.3930037021636963 0.4008673131465912 0.5040814280509949 0.39766740798950195 0.43831661343574524 0.4597223103046417 0.4051848351955414 0.3972054421901703 0.40715569257736206 0.3847183883190155 0.0997244194149971 0.12466854602098465 0.11135274171829224 0.15844924747943878 0.17158323526382446 0.21875925362110138 0.1706666350364685 0.16594353318214417 0.20744433999061584 0.15767113864421844 0.046615272760391235 0.04684748873114586 0.04596294090151787 0.0 0.05029720067977905 0.0 0.04672761633992195 0.04756950959563255 0.0 0.0475701168179512 0.0 0.04596245661377907
0.4254055356984662 0.4013906901260245 0.4171795703409217 0.4338823258370301 0.3797910391163322 0.3761945388868881 0.40569088418911137 0.3917005016546548 0.5206263533025333 0.3975254033777039 0.4366191115757787 0.456984401297719 0.40372671655868014 0.3929555863401236 0.4174343735363455 0.38625436767130295 0.09950471080017569 0.12521481114774863 0.11130284035321614 0.15855866276349156 0.1410151509023221 0.19797249723797222 0.14870218582960337 0.22979265569689356 0.1620044794866789 0.1589035901466181 0.046521836123645986 0.04676655980732852 0.046053207407889186 0.07033278357711835 0.05037440839265625 0.07032531912926678 0.04672312901295599 0.047574072678434894 0.06830958385697643 0.04757457746888668 0.06859459445119853 0.045957857454856414
-152.0 -25.098155388298046 0.0 -1.732721782404461 0.0 0.0 -146.54983620708884 0.0 -152.0 -37.07247704280326 -29.511314977494003 -23.082304282706506 -30.23044488336535 -9.052692047728279 -122.3298581992066 -52.510237831194104 -7.7271860291327314 -17.199332374941655 -10.735107872606605 -16.71217978745376 0.0 -8.648388741265055 -2.332926395431926 -57.65921584859983 0.0 -31.28736217790273 -3.9459353836974316 -4.064835941807346 -5.287582157621231 0.0 -5.621101311595998 0.0 -4.638015106144779 -4.7924824078539014 0.0 -4.791544253597818 0.0 -4.5604511833133445

1647277774877263069
0.40826886892318726 0.4032767117023468 0.4242595434188843 0.43965718150138855 0.39831772446632385 0.3913727104663849 0.3930037021636963 0.4008673131465912 0.5040814280509949 0.39766740798950195 0.43831661343574524 0.4597223103046417 0.4051848351955414 0.3972054421901703 0.40715569257736206 0.3847183883190155 0.0997244194149971 0.12466854602098465 0.11135274171829224 0.15844924747943878 0.17158323526382446 0.21875925362110138 0.1706666350364685 0.16594353318214417 0.20744433999061584 0.15767113864421844 0.046615272760391235 0.04684748873114586 0.04596294090151787 0.0 0.05029720067977905 0.0 0.04672761633992195 0.04756950959563255 0.0 0.0475701168179512 0.0 0.04596245661377907
0.4250895260509151 0.40099068202359733 0.4170160156106855 0.4334764111508615 0.3804429116765037 0.37696109614713785 0.4063215079480914 0.3924617075989216 0.5205695812136831 0.39737507573330977 0.4365812830404829 0.4569195329845971 0.4039802003360608 0.39333058412721433 0.4176027912843885 0.38650029231861893 0.09972492932992887 0.12498508436584482 0.11130167591703362 0.15855985749014165 0.14101496721491757 0.19797276469415984 0.14870257813818358 0.22979290630271362 0.16200396574103101 0.15890341735776076 0.04652175444940324 0.04676636753416646 0.04605328253528643 0.07033279983477819 0.05037458499666023 0.07032531171079669 0.04672305554142127 0.04757418709661455 0.06830960071662451 0.047574649038425856 0.06859458718084606 0.04595774565904357
-152.0 -21.550594826024565 0.0 0.0 0.0 0.0 -152.0 0.0 -152.0 -36.27774512138537 -28.97595331613185 -22.19556969906693 -30.907165942467813 -10.520894093165296 -123.03561095899462 -53.886807025586556 -9.196791296838855 -15.66709160804224 -10.721744263161142 -16.72628169761593 0.0 -8.513409422305488 -2.1903548508148276 -58.07436121215244 0.0 -31.294076980825885 -3.9446990384447065 -4.062893298547655 -5.2887479230928225 0.0 -5.622904189772588 0.0 -4.637465703308448 -4.793384848776274 0.0 -4.792077675179057 0.0 -4.55957223856638

1647277774909738540
0.4079868197441101 0.40240663290023804 0.42403772473335266 0.43909475207328796 0.3996346592903137 0.393327534198761 0.39436355233192444 0.4021943211555481 0.5040814280509949 0.39766740798950195 0.43831661343574524 0.4597223103046417 0.4051848351955414 0.3972054421901703 0.40715569257736206 0.3847183883190155 0.10012006759643555 0.1242455393075943 0.11135273426771164 0.15844924747943878 0.17158323526382446 0.21875925362110138 0.1706666350364685 0.16594353318214417 0.20744433999061584 0.15767113864421844 0.046615272760391235 0.04684748873114586 0.04596294090151787 0.0 0.05029720067977905 0.0 0.04672761633992195 0.04756950959563255 0.0 0.0475701168179512 0.0 0.04596245661377907
0.4247126063561388 0.40050599337385484 0.4168208897385589 0.43299289226503235 0.3812371412225012 0.37789383676669513 0.40708400418212365 0.39337338754553075 0.5205158665566956 0.39729081321458565 0.4365131118056689 0.4568055958601227 0.4040294561632237 0.3934735393455058 0.4176633643624945 0.38665179769891617 0.09989645319114515 0.12480600649806352 0.11129867173834829 0.15856295122626832 0.14101478353573174 0.19797303226607732 0.14870297042955086 0.229793156843775 0.16200345207702385 0.15890324462400715 0.04652166674102558 0.04676617917354392 0.04605336341474994 0.07033281846536671 0.05037475804073405 0.07032530198364269 0.04672298886663849 0.047574299054766886 0.06830961844085466 0.04757471369341079 0.06859457870493972 0.045957636732233485
-152.0 -23.644838414600766 0.0 0.0 0.0 0.0 -148.68399376312374 0.0 -152.0 -36.05911653114158 -28.317194449860587 -21.100000957312425 -30.098299093854433 -10.197089079262959 -122.92751965116808 -54.43794389762172 -7.679775907096616 -17.32654093790915 -10.687270663861513 -16.762256328849872 0.0 -8.378431899475249 -2.047785847669619 -58.48950817241902 0.0 -31.30079107160354 -3.9433194993359924 -4.060948630786907 -5.290050764724363 0.0 -5.624711082442381 0.0 -4.6369707569590375 -4.794229431263629 0.0 -4.7925571904676465 0.0 -4.558751156491308

1647277774942296504
0.40785712003707886 0.4017668664455414 0.4238192141056061 0.4386456310749054 0.40056875348091125 0.394638329744339 0.3952469825744629 0.4030732810497284 0.5040814280509949 0.39766740798950195 0.43831661343574524 0.4597223103046417 0.4051848351955414 0.3972054421901703 0.40715569257736206 0.3847183883190155 0.10034830123186111 0.12399062514305115 0.11135273426771164 0.15844926238059998 0.17158323526382446 0.21875925362110138 0.1706666350364685 0.16594353318214417 0.20744433999061584 0.15767113864421844 0.046615272760391235 0.04684748873114586 0.04596294090151787 0.0 0.05029720067977905 0.0 0.04672761633992195 0.04756950959563255 0.0 0.0475701168179512 0.0 0.04596245661377907
0.42423370747737754 0.39988838024224815 0.4165509777750298 0.4323756705329006 0.3821805295924213 0.3790146419629725 0.4079918353265274 0.39446332417994856 0.5204667286111232 0.3972712585481156 0.43642009375466423 0.45665122499329125 0.4038890852526501 0.39339739162885434 0.41762299213221427 0.3867108077766441 0.10012985457659664 0.1245621182761517 0.11129706325506658 0.15856461095121602 0.1410145998644571 0.1979732999517753 0.14870336270414355 0.22979340732132042 0.16200293849338385 0.1589030719449416 0.04652157654507224 0.046765992710318685 0.04605344666238396 0.070332838130701 0.050374929350456565 0.07032529123099841 0.04672292042029883 0.04757440468331634 0.06830963411899067 0.0475747804217345 0.06859457191819976 0.045957533432311806
-152.0 -18.527274393340864 0.0 0.0 0.0 0.0 -152.0 0.0 -152.0 -36.239262512461096 -27.441943155936304 -19.65639007732759 -27.992074087012263 -8.42333421109009 -122.14631543669509 -54.42380595921615 -9.416674296079757 -15.51238212252553 -10.691978418679874 -16.755318776423096 0.0 -8.24345617254815 -1.9052193861044433 -58.90465672960515 0.0 -31.307504447536203 -3.9421062623389256 -4.059073710594391 -5.29119386451701 0.0 -5.626450319096512 0.0 -4.636397548923768 -4.795001712050453 0.0 -4.793120237356931 0.0 -4.557989059830721

1647277774974779605
0.40785712003707886 0.4017668664455414 0.4238192141056061 0.4386456310749054 0.40056875348091125 0.394638329744339 0.3952469825744629 0.4030732810497284 0.5040814280509949 0.39766740798950195 0.43831661343574524 0.4597223103046417 0.4051848351955414 0.3972054421901703 0.40715569257736206 0.3847183883190155 0.10034830123186111 0.12399062514305115 0.11135273426771164 0.15844926238059998 0.17158323526382446 0.21875925362110138 0.1706666350364685 0.16594353318214417 0.20744433999061584 0.15767113864421844 0.046615272760391235 0.04684748873114586 0.04596294090151787 0.0 0.05029720067977905 0.0 0.04672761633992195 0.04756950959563255 0.0 0.0475701168179512 0.0 0.04596245661377907
0.4236613095801809 0.3991429175476209 0.41620960144974456 0.4316366418722439 0.383262826077713 0.3803111427094802 0.4090314963113796 0.39570874551376223 0.5204145273101259 0.39729806733941286 0.4362953783443341 0.4564474510682143 0.4035832146671974 0.39313966778741083 0.4174969907071039 0.38670106622985884 0.10042053575173586 0.12425804180508392 0.11129657182523597 0.1585651202389712 0.14101441620078534 0.19797356774931288 0.1487037549623988 0.22979365773658897 0.16200242498884365 0.15890289932015414 0.04652147820502039 0.04676581423716072 0.04605353764802722 0.0703328615303522 0.050375093319992126 0.07032527667486299 0.0467228481462567 0.047574503467160065 0.0683096471618857 0.047574851364242034 0.06859456743248125 0.045957436042767474
-152.0 -16.976659084146288 0.0 0.0 0.0 0.0 -152.0 0.0 -152.0 -36.66778291206786 -26.294552624841526 -17.805253988731735 -24.77335154702309 -5.480295530326202 -120.79686551919272 -54.00245801790355 -10.206948727577302 -14.807284507507703 -10.689734812599172 -16.760413688104233 0.0 -8.108482241289222 -1.7626554662304983 -59.319806883917195 0.0 -31.31421710592716 -3.9407199435947753 -4.057253528339682 -5.292502226077904 0.0 -5.628140996985058 0.0 -4.635805695187166 -4.795739794372333 0.0 -4.793703847322479 0.0 -4.557256532353136

1647277775007291316
0.4076448380947113 0.4012402594089508 0.4236859679222107 0.43833908438682556 0.40128573775291443 0.3957303762435913 0.39601072669029236 0.403789758682251 0.5040814280509949 0.39766740798950195 0.43831661343574524 0.4597223103046417 0.4051848351955414 0.3972054421901703 0.40715569257736206 0.3847183883190155 0.10060637444257736 0.12371639907360077 0.11135273426771164 0.15844926238059998 0.17158323526382446 0.21875925362110138 0.1706666350364685 0.16594353318214417 0.20744433999061584 0.15767113864421844 0.046615272760391235 0.04684748873114586 0.04596294090151787 0.0 0.05029720067977905 0.0 0.04672761633992195 0.04756950959563255 0.0 0.0475701168179512 0.0 0.04596245661377907
0.4230294376432957 0.3983013931288298 0.41582709446682664 0.4308233779634886 0.38447454996300157 0.38176468751101733 0.41018431473486977 0.39707093591024806 0.5203522708156978 0.3973523389216688 0.4361328207213401 0.4561882405970051 0.4031367229140823 0.39273677628689385 0.4172991341714106 0.38664207512937676 0.10074038909628116 0.12392301920796585 0.11129638919330691 0.15856531153560313 0.1410142325444076 0.1979738356567572 0.14870414720475264 0.22979390809081587 0.16200191156214203 0.15890272674923994 0.04652137730936018 0.046765644933229336 0.046053631008440676 0.07033288734643228 0.05037524876007263 0.07032525930784081 0.04672277197577811 0.0475745954942597 0.06830965757915189 0.04757492658856528 0.06859456524583797 0.045957344476646955
-152.0 -14.040434292727582 0.0 0.0 0.0 0.0 -152.0 0.0 -152.0 -37.17513871528948 -24.82094437716958 -15.49445253456247 -20.66711688916431 -1.6951863588550324 -119.00279719891137 -53.34738666847336 -10.880469254776754 -14.130988999786283 -10.689934673212093 -16.760609710902973 0.0 -7.973510105456253 -1.6200940881603323 -59.734958635572625 0.0 -31.32092904410031 -3.9393220593668277 -4.055506878888979 -5.29382104203593 0.0 -5.629763099897716 0.0 -4.635177730951305 -4.796419496342155 0.0 -4.794326977124044 0.0 -4.556574094471602

1647277775039742231
0.407380074262619 0.40055251121520996 0.4234147369861603 0.43785667419433594 0.4020799398422241 0.3969321846961975 0.39680567383766174 0.4045864939689636 0.5040814280509949 0.39766740798950195 0.43831661343574524 0.4597223103046417 0.4051848351955414 0.3972054421901703 0.40715569257736206 0.3847183883190155 0.100868821144104 0.12343525141477585 0.11135272681713104 0.15844926238059998 0.17158323526382446 0.21875925362110138 0.1706666350364685 0.16594353318214417 0.20744433999061584 0.15767113864421844 0.046615272760391235 0.04684748873114586 0.04596294090151787 0.0 0.05029720067977905 0.0 0.04672761633992195 0.04756950959563255 0.0 0.0475701168179512 0.0 0.04596245661377907
0.4223674494598085 0.39739168472571407 0.4154280621431161 0.42997715803930975 0.38579907279795955 0.3833519511493695 0.41142718950366597 0.39851073459075903 0.5202713557561387 0.3974115841769445 0.4359256035066691 0.4558666292125213 0.40258250439043985 0.39223600390204416 0.4170480764593715 0.3865595802914764 0.10104187685166909 0.12360682049290841 0.1112965245728724 0.15856517522199345 0.14101404889501448 0.1979741036721833 0.14870453943164016 0.22979415838523248 0.16200139821202345 0.15890255423179994 0.04652126822562787 0.046765486099238494 0.046053732132510364 0.07033291735174599 0.050375394546283876 0.07032523754988781 0.0467226916191683 0.047574680237305794 0.06830966517005982 0.04757500641415086 0.06859456553328061 0.04595725918964252
-152.0 -11.854486068841865 0.0 0.0 0.0 0.0 -152.0 -1.7740545692628586 -152.0 -37.59570116318751 -22.978304644771068 -12.682914989520626 -15.94983435791125 0.0 -116.92045838481249 -52.66277554625606 -11.199566664708007 -13.840315431819409 -10.692093445364486 -16.758840925811096 0.0 -7.838539764795941 -1.4775352520088205 -60.15011198479256 0.0 -31.327640259457063 -3.937834851388954 -4.053833731452489 -5.295224827492135 0.0 -5.631317892007041 0.0 -4.634524087853515 -4.797053603128814 0.0 -4.794978369537653 0.0 -4.555931005215709

1647277775072227239
0.407380074262619 0.40055251121520996 0.4234147369861603 0.43785667419433594 0.4020799398422241 0.3969321846961975 0.39680567383766174 0.4045864939689636 0.5040814280509949 0.39766740798950195 0.43831661343574524 0.4597223103046417 0.4051848351955414 0.3972054421901703 0.40715569257736206 0.3847183883190155 0.100868821144104 0.12343525141477585 0.11135272681713104 0.15844926238059998 0.17158323526382446 0.21875925362110138 0.1706666350364685 0.16594353318214417 0.20744433999061584 0.15767113864421844 0.046615272760391235 0.04684748873114586 0.04596294090151787 0.0 0.05029720067977905 0.0 0.04672761633992195 0.04756950959563255 0.0 0.0475701168179512 0.0 0.04596245661377907
0.42169523781678014 0.39643283347439806 0.41502706627277064 0.4291264683416739 0.3872145361808411 0.385047755180178 0.4127356508671538 0.3999932417033799 0.5201670846339708 0.3974604554856592 0.43567230168617355 0.45548370824524664 0.40194976778489133 0.3916741553412818 0.416758684415537 0.38646932556866587 0.10131703956189037 0.1233178824387587 0.11129677337485165 0.15856492089584667 0.14101386525229584 0.1979743717936735 0.14870493164349546 0.22979440862106706 0.162000884937238 0.1589023817674403 0.04652115778783186 0.04676533322344689 0.04605383451505633 0.07033294878435348 0.05037553479364482 0.0703252141049056 0.046722609759198626 0.04757476177262464 0.06830967159200237 0.04757508791508468 0.06859456682515788 0.04595717669860535
-152.0 -4.69353975717334 0.0 0.0 0.0 0.0 -152.0 -12.80731688186448 -152.0 -37.87558788438057 -20.799738044995635 -9.444935499282934 -10.789113050934269 0.0 -114.61699878921839 -51.96967746537493 -12.71859025936844 -12.245519184279567 -10.693940401980552 -16.75732306645535 0.0 -7.703571219049103 -1.3349789578941156 -60.56526693180562 0.0 -31.33435074941653 -3.9364035032641462 -4.052183439753149 -5.29657504401052 0.0 -5.632850570219779 0.0 -4.633873766414929 -4.797686317663362 0.0 -4.7956263897836955 0.0 -4.555289486349244

1647277775104779243
0.40686267614364624 0.39916977286338806 0.42284709215164185 0.43690767884254456 0.40359893441200256 0.39920857548713684 0.39829814434051514 0.40605753660202026 0.5040814280509949 0.39766740798950195 0.43831661343574524 0.4597223103046417 0.40518486499786377 0.3972054421901703 0.40715569257736206 0.3847183883190155 0.10141437500715256 0.1228499710559845 0.11135265231132507 0.15844933688640594 0.17158323526382446 0.21875925362110138 0.1706666350364685 0.16594353318214417 0.20744433999061584 0.15767113864421844 0.046615272760391235 0.04684748873114586 0.04596294090151787 0.0 0.05029720067977905 0.0 0.04672761633992195 0.04756950959563255 0.0 0.0475701168179512 0.0 0.04596245661377907
0.4210312299844332 0.3954462720761248 0.41463477454407127 0.4282972329863693 0.38868358922096546 0.38680978682656864 0.41407333406569685 0.4014750106287742 0.5200391179547593 0.397490454837366 0.4353774805814743 0.45504889454241143 0.40126495191662603 0.3910787333198903 0.4164428826506358 0.3863782118798579 0.101575908442491 0.12304574721512679 0.11129707473623157 0.15856461153339513 0.14101368161594066 0.19797464001931744 0.14870532384075186 0.22979465879954447 0.16200037173654125 0.15890220935577246 0.04652103955842888 0.04676518297276598 0.046053944344412144 0.07033298282800866 0.05037567271242875 0.07032518826726207 0.0467225274990118 0.04757484106357432 0.0683096773403115 0.04757516991602798 0.06859456865783638 0.0459570962231933
-152.0 -4.120503244740462 0.0 0.0 0.0 0.0 -152.0 -16.251794219777025 -152.0 -37.97070562924035 -18.34561418455859 -5.8825518300308985 -5.399706327602928 0.0 -112.1902457228974 -51.311096044154 -12.129620565884835 -12.932303089169002 -10.696688160893943 -16.754890630802063 0.0 -7.568604467944473 -1.192425205935841 -60.980423476844265 0.0 -31.341060511460856 -3.9348864726826545 -4.0505395947921015 -5.298007220578164 0.0 -5.634378492480534 0.0 -4.633223060652894 -4.79830157833906 0.0 -4.796275486509664 0.0 -4.554663888585042


