1642606284003338098
[0.44558624 0.41614166 0.44893366 0.47254373 0.4203244  0.40878477
 0.42757441 0.39705282 0.52008934 0.39461322 0.43642518 0.45693458
 0.40855568 0.40108634 0.42054753 0.38958841 0.0827393  0.14208435
 0.11122656 0.15863732 0.17158276 0.21875959 0.17066712 0.16594306
 0.20744468 0.15767162 0.04661527 0.04684748 0.04596294 0.07032171
 0.0502972  0.07032734 0.04672762 0.04756951 0.06830926 0.04757012
 0.06859449 0.04596246]
1642606284124497175
[0.44558627 0.4161417  0.44893372 0.47254384 0.42032444 0.40878475
 0.4275744  0.39705273 0.52008937 0.39461325 0.43642523 0.45693468
 0.40855572 0.40108634 0.42054752 0.38958833 0.08273931 0.14208434
 0.11122656 0.15863732 0.17158133 0.21876063 0.17066856 0.16594165
 0.2074457  0.15767309 0.04661526 0.04684748 0.04596295 0.07032171
 0.0502972  0.07032734 0.04672761 0.04756951 0.06830926 0.04757013
 0.06859449 0.04596245]
1642606284132562875
[0.44558632 0.41614174 0.44893379 0.47254398 0.42032449 0.40878474
 0.42757439 0.39705261 0.52008941 0.39461328 0.4364253  0.4569348
 0.40855578 0.40108633 0.42054752 0.38958824 0.08273932 0.14208433
 0.11122656 0.15863732 0.17157895 0.21876236 0.17067096 0.16593929
 0.20744739 0.15767553 0.04661525 0.04684747 0.04596296 0.07032171
 0.05029721 0.07032734 0.0467276  0.04756952 0.06830926 0.04757013
 0.06859449 0.04596244]
1642606284142938137
[0.44558634 0.41614178 0.44893383 0.47254403 0.42032449 0.4087847
 0.42757438 0.39705256 0.52008943 0.39461331 0.43642532 0.45693484
 0.40855578 0.40108631 0.42054751 0.38958819 0.08273933 0.14208432
 0.11122656 0.15863732 0.17157561 0.21876478 0.17067432 0.16593599
 0.20744977 0.15767895 0.04661524 0.04684746 0.04596297 0.07032171
 0.05029722 0.07032734 0.04672759 0.04756953 0.06830926 0.04757014
 0.06859449 0.04596244]
1642606284148229122
[0.44558636 0.41614181 0.44893384 0.47254405 0.42032446 0.40878466
 0.42757436 0.39705252 0.52008944 0.39461333 0.43642533 0.45693486
 0.40855576 0.40108628 0.42054749 0.38958816 0.08273934 0.14208431
 0.11122656 0.15863731 0.17157132 0.21876789 0.17067866 0.16593174
 0.20745283 0.15768337 0.04661523 0.04684745 0.04596297 0.07032171
 0.05029723 0.07032734 0.04672758 0.04756954 0.06830926 0.04757015
 0.06859449 0.04596243]
1642606284170263051
[0.44558637 0.41614183 0.44893385 0.47254407 0.42032442 0.40878461
 0.42757434 0.39705249 0.52008945 0.39461335 0.43642534 0.45693487
 0.40855573 0.40108624 0.42054748 0.38958814 0.08273935 0.1420843
 0.11122657 0.15863731 0.17156605 0.21877172 0.17068397 0.16592652
 0.20745658 0.15768877 0.04661523 0.04684745 0.04596298 0.07032171
 0.05029723 0.07032734 0.04672757 0.04756954 0.06830926 0.04757016
 0.06859449 0.04596242]
1642606284177523136
[0.44558638 0.41614186 0.44893386 0.47254408 0.42032439 0.40878457
 0.42757433 0.39705246 0.52008946 0.39461337 0.43642535 0.45693487
 0.4085557  0.40108621 0.42054747 0.38958812 0.08273936 0.14208429
 0.11122657 0.15863731 0.17155979 0.21877625 0.17069028 0.16592034
 0.20746103 0.15769519 0.04661522 0.04684744 0.04596299 0.07032171
 0.05029724 0.07032734 0.04672756 0.04756955 0.06830926 0.04757017
 0.06859449 0.04596242]
1642606284188790082
[0.44558639 0.41614189 0.44893387 0.47254409 0.42032435 0.40878452
 0.42757431 0.39705243 0.52008946 0.39461339 0.43642535 0.45693487
 0.40855567 0.40108617 0.42054746 0.38958811 0.08273938 0.14208428
 0.11122658 0.1586373  0.17155255 0.21878151 0.17069759 0.16591316
 0.20746619 0.15770262 0.04661521 0.04684743 0.045963   0.07032171
 0.05029725 0.07032734 0.04672756 0.04756956 0.06830926 0.04757018
 0.0685945  0.04596241]
1642606284196361064
[0.44558641 0.41614192 0.44893388 0.4725441  0.42032431 0.40878447
 0.42757429 0.3970524  0.52008947 0.39461341 0.43642536 0.45693488
 0.40855564 0.40108614 0.42054744 0.38958809 0.08273939 0.14208426
 0.11122658 0.1586373  0.17154429 0.21878749 0.17070591 0.16590499
 0.20747207 0.15771109 0.0466152  0.04684742 0.04596301 0.07032171
 0.05029726 0.07032734 0.04672755 0.04756956 0.06830926 0.04757019
 0.0685945  0.0459624 ]
1642606284202018737
[0.44558642 0.41614195 0.4489339  0.47254411 0.42032428 0.40878442
 0.42757427 0.39705237 0.52008948 0.39461343 0.43642536 0.45693489
 0.40855562 0.4010861  0.42054743 0.38958806 0.0827394  0.14208425
 0.11122659 0.15863729 0.17153501 0.21879422 0.17071527 0.1658958
 0.20747867 0.15772062 0.04661519 0.04684741 0.04596302 0.07032171
 0.05029726 0.07032734 0.04672754 0.04756957 0.06830926 0.0475702
 0.0685945  0.04596239]
1642606284211858272
[0.44558643 0.41614198 0.44893391 0.47254413 0.42032424 0.40878438
 0.42757426 0.39705234 0.52008948 0.39461345 0.43642537 0.4569349
 0.40855559 0.40108607 0.42054742 0.38958804 0.08273942 0.14208424
 0.1112266  0.15863728 0.17152468 0.2188017  0.17072569 0.16588558
 0.20748601 0.15773121 0.04661518 0.04684741 0.04596303 0.07032171
 0.05029727 0.07032734 0.04672753 0.04756958 0.06830926 0.04757021
 0.0685945  0.04596239]
1642606284218048334
[0.44558644 0.41614201 0.44893392 0.47254414 0.42032421 0.40878433
 0.42757424 0.3970523  0.52008949 0.39461347 0.43642538 0.45693491
 0.40855557 0.40108604 0.42054741 0.38958802 0.08273943 0.14208422
 0.1112266  0.15863728 0.17151329 0.21880996 0.17073717 0.1658743
 0.20749411 0.15774289 0.04661517 0.0468474  0.04596304 0.07032172
 0.05029728 0.07032734 0.04672752 0.04756958 0.06830926 0.04757021
 0.0685945  0.04596238]
1642606284227203607
[0.44558646 0.41614203 0.44893394 0.47254416 0.42032418 0.40878429
 0.42757422 0.39705227 0.5200895  0.39461349 0.43642539 0.45693492
 0.40855554 0.401086   0.42054739 0.389588   0.08273944 0.14208421
 0.11122661 0.15863727 0.1715008  0.218819   0.17074975 0.16586193
 0.20750299 0.15775569 0.04661516 0.04684739 0.04596305 0.07032172
 0.05029729 0.07032734 0.04672751 0.04756959 0.06830926 0.04757022
 0.0685945  0.04596237]
1642606284243587017
[0.44558647 0.41614206 0.44893395 0.47254418 0.42032414 0.40878424
 0.42757421 0.39705223 0.52008951 0.39461351 0.4364254  0.45693493
 0.40855552 0.40108597 0.42054738 0.38958797 0.08273946 0.1420842
 0.11122662 0.15863726 0.1714872  0.21882884 0.17076346 0.16584846
 0.20751265 0.15776963 0.04661515 0.04684738 0.04596305 0.07032172
 0.05029729 0.07032734 0.0467275  0.0475696  0.06830926 0.04757023
 0.0685945  0.04596236]
1642606284250408649
[0.44558648 0.41614209 0.44893396 0.4725442  0.42032411 0.4087842
 0.42757419 0.3970522  0.52008952 0.39461353 0.43642541 0.45693494
 0.4085555  0.40108594 0.42054737 0.38958795 0.08273947 0.14208418
 0.11122662 0.15863726 0.17147245 0.21883951 0.17077831 0.16583386
 0.20752311 0.15778474 0.04661514 0.04684738 0.04596306 0.07032172
 0.0502973  0.07032734 0.04672749 0.04756961 0.06830926 0.04757024
 0.0685945  0.04596236]
1642606284261120319
[0.4455865  0.41614212 0.44893398 0.47254422 0.42032408 0.40878415
 0.42757417 0.39705216 0.52008953 0.39461355 0.43642542 0.45693496
 0.40855547 0.40108591 0.42054736 0.38958792 0.08273949 0.14208417
 0.11122663 0.15863725 0.17145652 0.21885102 0.17079435 0.16581809
 0.20753441 0.15780105 0.04661513 0.04684737 0.04596307 0.07032172
 0.05029731 0.07032734 0.04672748 0.04756961 0.06830926 0.04757025
 0.0685945  0.04596235]
1642606284267726421
[0.44558651 0.41614215 0.448934   0.47254424 0.42032405 0.40878411
 0.42757415 0.39705212 0.52008954 0.39461357 0.43642543 0.45693497
 0.40855545 0.40108587 0.42054735 0.3895879  0.0827395  0.14208416
 0.11122664 0.15863724 0.17143938 0.2188634  0.1708116  0.16580111
 0.20754656 0.1578186  0.04661513 0.04684736 0.04596308 0.07032172
 0.05029732 0.07032734 0.04672748 0.04756962 0.06830926 0.04757026
 0.0685945  0.04596234]
1642606284278403282
[0.44558653 0.41614218 0.44893401 0.47254426 0.42032402 0.40878406
 0.42757414 0.39705209 0.52008955 0.39461359 0.43642544 0.45693499
 0.40855543 0.40108584 0.42054733 0.38958787 0.08273952 0.14208414
 0.11122665 0.15863723 0.17142099 0.21887667 0.1708301  0.16578291
 0.20755958 0.15783742 0.04661512 0.04684735 0.04596309 0.07032172
 0.05029732 0.07032734 0.04672747 0.04756963 0.06830926 0.04757027
 0.0685945  0.04596234]
1642606284292973041
[0.44558654 0.41614221 0.44893403 0.47254429 0.420324   0.40878402
 0.42757412 0.39705205 0.52008956 0.39461362 0.43642545 0.456935
 0.40855541 0.40108581 0.42054732 0.38958784 0.08273953 0.14208413
 0.11122666 0.15863723 0.17140132 0.21889085 0.17084988 0.16576342
 0.20757351 0.15785754 0.04661511 0.04684734 0.0459631  0.07032172
 0.05029733 0.07032734 0.04672746 0.04756963 0.06830926 0.04757028
 0.0685945  0.04596233]
1642606284299773693
[0.44558656 0.41614224 0.44893405 0.47254431 0.42032397 0.40878397
 0.4275741  0.39705201 0.52008957 0.39461364 0.43642547 0.45693502
 0.40855539 0.40108578 0.42054731 0.38958782 0.08273955 0.14208411
 0.11122666 0.15863722 0.17138032 0.21890599 0.17087099 0.16574263
 0.20758836 0.15787902 0.0466151  0.04684734 0.04596311 0.07032172
 0.05029734 0.07032734 0.04672745 0.04756964 0.06830926 0.04757029
 0.06859451 0.04596232]
1642606284309779167
[0.44558657 0.41614227 0.44893406 0.47254434 0.42032394 0.40878393
 0.42757409 0.39705197 0.52008958 0.39461366 0.43642548 0.45693503
 0.40855537 0.40108575 0.4205473  0.38958779 0.08273956 0.1420841
 0.11122667 0.15863721 0.17135795 0.2189221  0.17089347 0.16572046
 0.20760417 0.15790188 0.04661509 0.04684733 0.04596312 0.07032172
 0.05029735 0.07032734 0.04672744 0.04756965 0.06830926 0.04757029
 0.06859451 0.04596231]
1642606284327066898
[0.44558659 0.4161423  0.44893408 0.47254436 0.42032391 0.40878388
 0.42757407 0.39705193 0.52008959 0.39461368 0.43642549 0.45693505
 0.40855535 0.40108571 0.42054728 0.38958776 0.08273958 0.14208409
 0.11122668 0.1586372  0.17133415 0.21893922 0.17091737 0.1656969
 0.20762097 0.15792619 0.04661508 0.04684732 0.04596313 0.07032173
 0.05029735 0.07032734 0.04672743 0.04756965 0.06830926 0.0475703
 0.06859451 0.04596231]
1642606284343152046
[0.4455866  0.41614233 0.4489341  0.47254438 0.42032388 0.40878384
 0.42757405 0.3970519  0.5200896  0.3946137  0.4364255  0.45693507
 0.40855533 0.40108568 0.42054727 0.38958773 0.08273959 0.14208407
 0.11122669 0.15863719 0.17130889 0.21895738 0.17094273 0.16567187
 0.20763879 0.15795199 0.04661507 0.04684731 0.04596313 0.07032173
 0.05029736 0.07032734 0.04672742 0.04756966 0.06830926 0.04757031
 0.06859451 0.0459623 ]
1642606284349865674
[0.44558662 0.41614236 0.44893412 0.47254441 0.42032386 0.4087838
 0.42757404 0.39705186 0.52008961 0.39461372 0.43642551 0.45693509
 0.40855531 0.40108565 0.42054726 0.38958771 0.08273961 0.14208406
 0.1112267  0.15863719 0.17128209 0.21897662 0.17096961 0.16564533
 0.20765767 0.15797934 0.04661506 0.04684731 0.04596314 0.07032173
 0.05029737 0.07032734 0.04672741 0.04756967 0.06830926 0.04757032
 0.06859451 0.04596229]
1642606284359338998
[0.44558664 0.41614239 0.44893413 0.47254443 0.42032383 0.40878375
 0.42757402 0.39705182 0.52008962 0.39461374 0.43642553 0.4569351
 0.40855529 0.40108562 0.42054725 0.38958768 0.08273962 0.14208404
 0.11122671 0.15863718 0.17125372 0.21899697 0.17099805 0.16561722
 0.20767764 0.15800828 0.04661505 0.0468473  0.04596315 0.07032173
 0.05029738 0.07032734 0.0467274  0.04756968 0.06830926 0.04757033
 0.06859451 0.04596229]
1642606284375581979
[0.44558665 0.41614242 0.44893415 0.47254446 0.4203238  0.40878371
 0.427574   0.39705178 0.52008963 0.39461377 0.43642554 0.45693512
 0.40855527 0.40108559 0.42054724 0.38958765 0.08273964 0.14208403
 0.11122671 0.15863717 0.17122369 0.21901848 0.17102813 0.16558748
 0.20769875 0.15803889 0.04661504 0.04684729 0.04596316 0.07032173
 0.05029738 0.07032734 0.04672739 0.04756968 0.06830926 0.04757034
 0.06859451 0.04596228]
1642606284391394376
[0.44558667 0.41614245 0.44893417 0.47254449 0.42032378 0.40878366
 0.42757399 0.39705174 0.52008964 0.39461379 0.43642555 0.45693514
 0.40855525 0.40108556 0.42054722 0.38958762 0.08273965 0.14208401
 0.11122672 0.15863716 0.17119197 0.21904118 0.1710599  0.16555604
 0.20772103 0.15807121 0.04661503 0.04684728 0.04596317 0.07032173
 0.05029739 0.07032734 0.04672739 0.04756969 0.06830926 0.04757035
 0.06859451 0.04596227]
1642606284408101797
[0.44558668 0.41614248 0.44893419 0.47254451 0.42032375 0.40878362
 0.42757397 0.3970517  0.52008965 0.39461381 0.43642557 0.45693516
 0.40855523 0.40108552 0.42054721 0.38958759 0.08273967 0.142084
 0.11122673 0.15863715 0.17115846 0.21906513 0.17109343 0.16552284
 0.20774453 0.15810532 0.04661502 0.04684727 0.04596318 0.07032173
 0.0502974  0.07032734 0.04672738 0.0475697  0.06830926 0.04757036
 0.06859451 0.04596226]
1642606284422355413
[0.4455867  0.41614251 0.44893421 0.47254454 0.42032372 0.40878358
 0.42757395 0.39705166 0.52008966 0.39461383 0.43642558 0.45693518
 0.40855521 0.40108549 0.4205472  0.38958757 0.08273968 0.14208399
 0.11122674 0.15863714 0.1711231  0.21909037 0.17112878 0.1654878
 0.20776929 0.15814129 0.04661502 0.04684727 0.04596319 0.07032173
 0.05029741 0.07032734 0.04672737 0.0475697  0.06830926 0.04757037
 0.06859451 0.04596226]
1642606284439004182
[0.44558671 0.41614254 0.44893422 0.47254456 0.4203237  0.40878353
 0.42757394 0.39705162 0.52008967 0.39461385 0.43642559 0.4569352
 0.40855519 0.40108546 0.42054719 0.38958754 0.0827397  0.14208397
 0.11122675 0.15863714 0.17108582 0.21911694 0.17116602 0.16545086
 0.20779536 0.15817919 0.04661501 0.04684726 0.0459632  0.07032173
 0.05029741 0.07032734 0.04672736 0.04756971 0.06830926 0.04757037
 0.06859451 0.04596225]
1642606284455424547
[0.44558673 0.41614257 0.44893424 0.47254459 0.42032367 0.40878349
 0.42757392 0.39705158 0.52008968 0.39461387 0.4364256  0.45693521
 0.40855517 0.40108543 0.42054718 0.38958751 0.08273971 0.14208396
 0.11122676 0.15863713 0.17104653 0.2191449  0.17120524 0.16541192
 0.20782279 0.1582191  0.046615   0.04684725 0.0459632  0.07032173
 0.05029742 0.07032734 0.04672735 0.04756972 0.06830926 0.04757038
 0.06859451 0.04596224]
1642606284471134185
[0.44558675 0.4161426  0.44893426 0.47254462 0.42032364 0.40878345
 0.4275739  0.39705154 0.52008969 0.39461389 0.43642562 0.45693523
 0.40855515 0.4010854  0.42054716 0.38958748 0.08273973 0.14208394
 0.11122677 0.15863712 0.17100515 0.2191743  0.17124651 0.16537091
 0.20785164 0.1582611  0.04661499 0.04684724 0.04596321 0.07032174
 0.05029743 0.07032734 0.04672734 0.04756972 0.06830926 0.04757039
 0.06859452 0.04596223]
1642606284487763881
[0.44558676 0.41614263 0.44893428 0.47254464 0.42032362 0.4087834
 0.42757389 0.3970515  0.5200897  0.39461392 0.43642563 0.45693525
 0.40855513 0.40108537 0.42054715 0.38958745 0.08273974 0.14208393
 0.11122677 0.15863711 0.17096159 0.2192052  0.17128991 0.16532773
 0.20788196 0.15830528 0.04661498 0.04684724 0.04596322 0.07032174
 0.05029744 0.07032734 0.04672733 0.04756973 0.06830926 0.0475704
 0.06859452 0.04596223]
1642606284503369331
[0.44558678 0.41614266 0.4489343  0.47254467 0.42032359 0.40878336
 0.42757387 0.39705146 0.52008971 0.39461394 0.43642564 0.45693527
 0.40855512 0.40108534 0.42054714 0.38958742 0.08273976 0.14208391
 0.11122678 0.1586371  0.17091575 0.21923766 0.17133553 0.1652823
 0.2079138  0.15835172 0.04661497 0.04684723 0.04596323 0.07032174
 0.05029744 0.07032734 0.04672732 0.04756974 0.06830926 0.04757041
 0.06859452 0.04596222]
1642606284519868135
[0.44558679 0.41614269 0.44893431 0.4725447  0.42032357 0.40878332
 0.42757385 0.39705142 0.52008972 0.39461396 0.43642566 0.45693529
 0.4085551  0.40108531 0.42054713 0.38958739 0.08273977 0.1420839
 0.11122679 0.15863709 0.17086754 0.21927174 0.17138347 0.1652345
 0.20794724 0.15840051 0.04661496 0.04684722 0.04596324 0.07032174
 0.05029745 0.07032734 0.04672731 0.04756975 0.06830926 0.04757042
 0.06859452 0.04596221]
1642606284536473274
[0.44558681 0.41614272 0.44893433 0.47254472 0.42032354 0.40878327
 0.42757384 0.39705138 0.52008973 0.39461398 0.43642567 0.45693531
 0.40855508 0.40108527 0.42054712 0.38958737 0.08273979 0.14208388
 0.1112268  0.15863709 0.17081685 0.2193075  0.17143383 0.16518424
 0.20798232 0.15845177 0.04661495 0.04684721 0.04596325 0.07032174
 0.05029746 0.07032734 0.04672731 0.04756975 0.06830926 0.04757043
 0.06859452 0.04596221]
1642606284552080154
[0.44558682 0.41614275 0.44893435 0.47254475 0.42032351 0.40878323
 0.42757382 0.39705134 0.52008974 0.394614   0.43642568 0.45693533
 0.40855506 0.40108524 0.42054711 0.38958734 0.0827398  0.14208387
 0.11122681 0.15863708 0.17076357 0.21934501 0.17148669 0.16513141
 0.20801912 0.15850559 0.04661494 0.0468472  0.04596326 0.07032174
 0.05029747 0.07032734 0.0467273  0.04756976 0.06830926 0.04757044
 0.06859452 0.0459622 ]
1642606284568454504
[0.44558684 0.41614278 0.44893437 0.47254478 0.42032349 0.40878318
 0.4275738  0.3970513  0.52008975 0.39461402 0.4364257  0.45693535
 0.40855504 0.40108521 0.42054709 0.38958731 0.08273982 0.14208386
 0.11122682 0.15863707 0.17070758 0.21938435 0.17154218 0.16507589
 0.20805771 0.15856208 0.04661493 0.0468472  0.04596327 0.07032174
 0.05029747 0.07032734 0.04672729 0.04756977 0.06830926 0.04757045
 0.06859452 0.04596219]
1642606284584626197
[0.44558686 0.41614281 0.44893439 0.4725448  0.42032346 0.40878314
 0.42757379 0.39705126 0.52008977 0.39461405 0.43642571 0.45693537
 0.40855502 0.40108518 0.42054708 0.38958728 0.08273983 0.14208384
 0.11122683 0.15863706 0.17064876 0.21942558 0.17160039 0.16501756
 0.20809815 0.15862136 0.04661492 0.04684719 0.04596328 0.07032174
 0.05029748 0.07032734 0.04672728 0.04756977 0.06830926 0.04757046
 0.06859452 0.04596218]
1642606284601110696
[0.44558687 0.41614284 0.44893441 0.47254483 0.42032344 0.4087831
 0.42757377 0.39705122 0.52008978 0.39461407 0.43642572 0.45693539
 0.408555   0.40108515 0.42054707 0.38958725 0.08273985 0.14208383
 0.11122684 0.15863705 0.17058699 0.21946878 0.17166146 0.16495629
 0.20814052 0.15868353 0.04661492 0.04684718 0.04596328 0.07032174
 0.05029749 0.07032734 0.04672727 0.04756978 0.06830926 0.04757046
 0.06859452 0.04596218]
1642606284617347478
[0.44558689 0.41614287 0.44893443 0.47254486 0.42032341 0.40878305
 0.42757375 0.39705118 0.52008979 0.39461409 0.43642574 0.4569354
 0.40855499 0.40108512 0.42054706 0.38958722 0.08273986 0.14208381
 0.11122684 0.15863704 0.17052212 0.21951403 0.17172549 0.16489195
 0.20818491 0.15874874 0.04661491 0.04684717 0.04596329 0.07032174
 0.0502975  0.07032734 0.04672726 0.04756979 0.06830926 0.04757047
 0.06859452 0.04596217]
1642606284633970499
[0.4455869  0.4161429  0.44893444 0.47254488 0.42032338 0.40878301
 0.42757374 0.39705114 0.5200898  0.39461411 0.43642575 0.45693542
 0.40855497 0.40108509 0.42054705 0.38958719 0.08273988 0.1420838
 0.11122685 0.15863703 0.17045402 0.21956141 0.17179261 0.16482439
 0.20823138 0.15881711 0.0466149  0.04684717 0.0459633  0.07032174
 0.0502975  0.07032734 0.04672725 0.04756979 0.06830926 0.04757048
 0.06859452 0.04596216]
1642606284650205135
[0.44558692 0.41614293 0.44893446 0.47254491 0.42032336 0.40878297
 0.42757372 0.3970511  0.52008981 0.39461413 0.43642576 0.45693544
 0.40855495 0.40108506 0.42054703 0.38958716 0.08273989 0.14208378
 0.11122686 0.15863703 0.17038254 0.21961101 0.17186297 0.16475346
 0.20828003 0.15888877 0.04661489 0.04684716 0.04596331 0.07032175
 0.05029751 0.07032734 0.04672724 0.0475698  0.06830926 0.04757049
 0.06859453 0.04596216]
1642606284665978908
[0.44558694 0.41614296 0.44893448 0.47254494 0.42032333 0.40878292
 0.4275737  0.39705106 0.52008982 0.39461415 0.43642578 0.45693546
 0.40855493 0.40108502 0.42054702 0.38958714 0.08273991 0.14208377
 0.11122687 0.15863702 0.17030751 0.21966293 0.17193669 0.16467901
 0.20833094 0.15896387 0.04661488 0.04684715 0.04596332 0.07032175
 0.05029752 0.07032734 0.04672723 0.04756981 0.06830926 0.0475705
 0.06859453 0.04596215]
1642606284682681083
[0.44558695 0.41614299 0.4489345  0.47254496 0.42032331 0.40878288
 0.42757369 0.39705102 0.52008983 0.39461418 0.43642579 0.45693548
 0.40855491 0.40108499 0.42054701 0.38958711 0.08273992 0.14208375
 0.11122688 0.15863701 0.17022878 0.21971724 0.17201393 0.16460087
 0.2083842  0.15904255 0.04661487 0.04684714 0.04596333 0.07032175
 0.05029752 0.07032734 0.04672723 0.04756982 0.06830926 0.04757051
 0.06859453 0.04596214]
1642606284716331481
[0.44558697 0.41614302 0.44893452 0.47254499 0.42032328 0.40878284
 0.42757367 0.39705098 0.52008984 0.3946142  0.4364258  0.4569355
 0.40855489 0.40108496 0.420547   0.38958708 0.08273994 0.14208374
 0.11122689 0.158637   0.17014617 0.21977405 0.17209483 0.16451887
 0.20843991 0.15912498 0.04661486 0.04684713 0.04596334 0.07032175
 0.05029753 0.07032734 0.04672722 0.04756982 0.06830926 0.04757052
 0.06859453 0.04596213]
1642606284733642578
[0.44558698 0.41614305 0.44893454 0.47254502 0.42032325 0.40878279
 0.42757365 0.39705094 0.52008985 0.39461422 0.43642582 0.45693552
 0.40855487 0.40108493 0.42054699 0.38958705 0.08273995 0.14208373
 0.1112269  0.15863699 0.1700595  0.21983345 0.17217955 0.16443282
 0.20849816 0.15921131 0.04661485 0.04684713 0.04596335 0.07032175
 0.05029754 0.07032734 0.04672721 0.04756983 0.06830926 0.04757053
 0.06859453 0.04596213]
1642606284749874353
[0.445587   0.41614309 0.44893456 0.47254504 0.42032323 0.40878275
 0.42757364 0.3970509  0.52008986 0.39461424 0.43642583 0.45693554
 0.40855486 0.4010849  0.42054697 0.38958702 0.08273997 0.14208371
 0.11122691 0.15863698 0.16996857 0.21989555 0.17226826 0.16434254
 0.20855905 0.15930171 0.04661484 0.04684712 0.04596336 0.07032175
 0.05029755 0.07032734 0.0467272  0.04756984 0.06830926 0.04757054
 0.06859453 0.04596212]
1642606284766582727
[0.44558702 0.41614312 0.44893457 0.47254507 0.4203232  0.40878271
 0.42757362 0.39705085 0.52008987 0.39461426 0.43642584 0.45693556
 0.40855484 0.40108487 0.42054696 0.38958699 0.08273998 0.1420837
 0.11122691 0.15863697 0.16987319 0.21996046 0.17236112 0.16424783
 0.20862269 0.15939637 0.04661483 0.04684711 0.04596336 0.07032175
 0.05029755 0.07032734 0.04672719 0.04756984 0.06830926 0.04757054
 0.06859453 0.04596211]
1642606284782684564
[0.44558703 0.41614315 0.44893459 0.4725451  0.42032318 0.40878266
 0.4275736  0.39705081 0.52008988 0.39461428 0.43642586 0.45693558
 0.40855482 0.40108484 0.42054695 0.38958696 0.08274    0.14208368
 0.11122692 0.15863697 0.16977315 0.22002828 0.17245832 0.16414846
 0.20868918 0.15949546 0.04661482 0.0468471  0.04596337 0.07032175
 0.05029756 0.07032734 0.04672718 0.04756985 0.06830926 0.04757055
 0.06859453 0.0459621 ]
1642606284798997879
[0.44558705 0.41614318 0.44893461 0.47254512 0.42032315 0.40878262
 0.42757359 0.39705077 0.52008989 0.39461431 0.43642587 0.4569356
 0.4085548  0.40108481 0.42054694 0.38958693 0.08274001 0.14208367
 0.11122693 0.15863696 0.16966822 0.22009912 0.17256005 0.16404422
 0.20875863 0.15959917 0.04661482 0.0468471  0.04596338 0.07032175
 0.05029757 0.07032734 0.04672717 0.04756986 0.06830926 0.04757056
 0.06859453 0.0459621 ]
1642606284815246105
[0.44558706 0.41614321 0.44893463 0.47254515 0.42032313 0.40878258
 0.42757357 0.39705073 0.52008991 0.39461433 0.43642588 0.45693562
 0.40855478 0.40108478 0.42054693 0.3895869  0.08274003 0.14208365
 0.11122694 0.15863695 0.16955818 0.22017311 0.17266649 0.16393487
 0.20883116 0.15970771 0.04661481 0.04684709 0.04596339 0.07032175
 0.05029758 0.07032734 0.04672716 0.04756986 0.06830926 0.04757057
 0.06859453 0.04596209]
1642606284831761837
[0.44558708 0.41614324 0.44893465 0.47254518 0.4203231  0.40878253
 0.42757356 0.39705069 0.52008992 0.39461435 0.4364259  0.45693564
 0.40855476 0.40108475 0.42054692 0.38958688 0.08274004 0.14208364
 0.11122695 0.15863694 0.16944276 0.22025036 0.17277784 0.16382017
 0.20890688 0.15982127 0.0466148  0.04684708 0.0459634  0.07032176
 0.05029758 0.07032733 0.04672715 0.04756987 0.06830926 0.04757058
 0.06859453 0.04596208]
1642606284847828388
[0.4455871  0.41614327 0.44893467 0.47254521 0.42032307 0.40878249
 0.42757354 0.39705065 0.52008993 0.39461437 0.43642591 0.45693566
 0.40855474 0.40108471 0.4205469  0.38958685 0.08274006 0.14208363
 0.11122696 0.15863693 0.16932173 0.220331   0.17289432 0.16369987
 0.20898592 0.15994009 0.04661479 0.04684707 0.04596341 0.07032176
 0.05029759 0.07032733 0.04672714 0.04756988 0.06830926 0.04757059
 0.06859453 0.04596208]
1642606284864423990
[0.44558711 0.4161433  0.44893469 0.47254523 0.42032305 0.40878245
 0.42757352 0.39705061 0.52008994 0.39461439 0.43642592 0.45693567
 0.40855473 0.40108468 0.42054689 0.38958682 0.08274007 0.14208361
 0.11122697 0.15863692 0.16919482 0.22041514 0.17301615 0.16357368
 0.20906838 0.16006437 0.04661478 0.04684706 0.04596342 0.07032176
 0.0502976  0.07032733 0.04672714 0.04756989 0.06830926 0.0475706
 0.06859454 0.04596207]
1642606284880413293
[0.44558713 0.41614333 0.4489347  0.47254526 0.42032302 0.4087824
 0.42757351 0.39705057 0.52008995 0.39461441 0.43642594 0.45693569
 0.40855471 0.40108465 0.42054688 0.38958679 0.08274009 0.1420836
 0.11122698 0.15863691 0.16906173 0.22050293 0.17314354 0.16344133
 0.20915441 0.16019436 0.04661477 0.04684706 0.04596343 0.07032176
 0.05029761 0.07032733 0.04672713 0.04756989 0.06830926 0.04757061
 0.06859454 0.04596206]
1642606284897295951
[0.44558714 0.41614336 0.44893472 0.47254529 0.420323   0.40878236
 0.42757349 0.39705053 0.52008996 0.39461444 0.43642595 0.45693571
 0.40855469 0.40108462 0.42054687 0.38958676 0.0827401  0.14208358
 0.11122698 0.15863691 0.16892217 0.22059451 0.17327673 0.16330251
 0.20924412 0.16033029 0.04661476 0.04684705 0.04596343 0.07032176
 0.05029761 0.07032733 0.04672712 0.0475699  0.06830926 0.04757062
 0.06859454 0.04596205]
1642606284913101673
[0.44558716 0.41614339 0.44893474 0.47254531 0.42032297 0.40878232
 0.42757347 0.39705049 0.52008997 0.39461446 0.43642596 0.45693573
 0.40855467 0.40108459 0.42054686 0.38958673 0.08274012 0.14208357
 0.11122699 0.1586369  0.16877584 0.22069021 0.17341595 0.16315691
 0.20933765 0.16047242 0.04661475 0.04684704 0.04596344 0.07032176
 0.05029762 0.07032733 0.04672711 0.04756991 0.06830925 0.04757063
 0.06859454 0.04596205]
1642606284929697751
[0.44558718 0.41614342 0.44893476 0.47254534 0.42032295 0.40878227
 0.42757346 0.39705045 0.52008998 0.39461448 0.43642598 0.45693575
 0.40855465 0.40108456 0.42054684 0.3895867  0.08274013 0.14208355
 0.111227   0.15863689 0.1686224  0.22079023 0.17356147 0.16300421
 0.20943513 0.160621   0.04661474 0.04684703 0.04596345 0.07032176
 0.05029763 0.07032733 0.0467271  0.04756991 0.06830925 0.04757063
 0.06859454 0.04596204]
1642606284962251186
[0.44558719 0.41614345 0.44893478 0.47254537 0.42032292 0.40878223
 0.42757344 0.39705041 0.52008999 0.3946145  0.43642599 0.45693577
 0.40855463 0.40108453 0.42054683 0.38958667 0.08274015 0.14208354
 0.11122701 0.15863688 0.16846152 0.22089474 0.17371354 0.16284405
 0.2095367  0.16077629 0.04661473 0.04684703 0.04596346 0.07032176
 0.05029764 0.07032733 0.04672709 0.04756992 0.06830925 0.04757064
 0.06859454 0.04596203]
1642606284978212833
[0.44558721 0.41614348 0.4489348  0.47254539 0.42032289 0.40878219
 0.42757342 0.39705037 0.52009    0.39461452 0.436426   0.45693579
 0.40855462 0.4010845  0.42054682 0.38958664 0.08274016 0.14208352
 0.11122702 0.15863687 0.16829283 0.22100393 0.17387242 0.16267608
 0.20964273 0.16093859 0.04661472 0.04684702 0.04596347 0.07032176
 0.05029764 0.07032733 0.04672708 0.04756993 0.06830925 0.04757065
 0.06859454 0.04596203]
1642606284994694471
[0.44558722 0.41614351 0.44893482 0.47254542 0.42032287 0.40878214
 0.42757341 0.39705033 0.52009001 0.39461454 0.43642602 0.45693581
 0.4085546  0.40108447 0.42054681 0.38958662 0.08274018 0.14208351
 0.11122703 0.15863686 0.16811597 0.22111797 0.17403839 0.16249992
 0.20975345 0.16110816 0.04661472 0.04684701 0.04596348 0.07032176
 0.05029765 0.07032733 0.04672707 0.04756993 0.06830925 0.04757066
 0.06859454 0.04596202]
1642606285011363029
[0.44558724 0.41614354 0.44893483 0.47254545 0.42032284 0.4087821
 0.42757339 0.39705029 0.52009002 0.39461457 0.43642603 0.45693583
 0.40855458 0.40108444 0.4205468  0.38958659 0.08274019 0.1420835
 0.11122704 0.15863685 0.16793054 0.22123706 0.17421173 0.16231515
 0.20986903 0.16128532 0.04661471 0.046847   0.04596349 0.07032177
 0.05029766 0.07032733 0.04672706 0.04756994 0.06830925 0.04757067
 0.06859454 0.04596201]
1642606285027600288
[0.44558726 0.41614357 0.44893485 0.47254547 0.42032282 0.40878206
 0.42757337 0.39705025 0.52009004 0.39461459 0.43642604 0.45693585
 0.40855456 0.4010844  0.42054678 0.38958656 0.08274021 0.14208348
 0.11122705 0.15863685 0.16773613 0.2213614  0.17439272 0.16212138
 0.20998967 0.16147035 0.0466147  0.04684699 0.0459635  0.07032177
 0.05029767 0.07032733 0.04672706 0.04756995 0.06830925 0.04757068
 0.06859454 0.045962  ]
1642606285040420055
[0.44558727 0.4161436  0.44893487 0.4725455  0.42032279 0.40878202
 0.42757336 0.39705021 0.52009005 0.39461461 0.43642605 0.45693587
 0.40855454 0.40108437 0.42054677 0.38958653 0.08274022 0.14208347
 0.11122705 0.15863684 0.1675323  0.22149118 0.17458168 0.16191815
 0.21011554 0.16166357 0.04661469 0.04684699 0.04596351 0.07032177
 0.05029767 0.07032733 0.04672705 0.04756996 0.06830925 0.04757069
 0.06859454 0.045962  ]
1642606285060956716
[0.44558729 0.41614363 0.44893489 0.47254553 0.42032277 0.40878197
 0.42757334 0.39705017 0.52009006 0.39461463 0.43642607 0.45693589
 0.40855452 0.40108434 0.42054676 0.3895865  0.08274024 0.14208345
 0.11122706 0.15863683 0.16731862 0.2216266  0.17477889 0.16170502
 0.21024684 0.16186531 0.04661468 0.04684698 0.04596351 0.07032177
 0.05029768 0.07032733 0.04672704 0.04756996 0.06830925 0.0475707
 0.06859454 0.04596199]
1642606285077349901
[0.4455873  0.41614366 0.44893491 0.47254556 0.42032274 0.40878193
 0.42757332 0.39705013 0.52009007 0.39461465 0.43642608 0.45693591
 0.4085545  0.40108431 0.42054675 0.38958647 0.08274025 0.14208344
 0.11122707 0.15863682 0.1670946  0.22176787 0.17498468 0.16148149
 0.21038376 0.16207588 0.04661467 0.04684697 0.04596352 0.07032177
 0.05029769 0.07032733 0.04672703 0.04756997 0.06830925 0.04757071
 0.06859455 0.04596198]
1642606285093635082
[0.44558732 0.41614369 0.44893493 0.47254558 0.42032271 0.40878189
 0.42757331 0.39705009 0.52009008 0.39461467 0.43642609 0.45693592
 0.40855449 0.40108428 0.42054674 0.38958644 0.08274027 0.14208342
 0.11122708 0.15863681 0.16685976 0.22191519 0.17519936 0.16124707
 0.2105265  0.16229562 0.04661466 0.04684696 0.04596353 0.07032177
 0.0502977  0.07032733 0.04672702 0.04756998 0.06830925 0.04757071
 0.06859455 0.04596197]
1642606285105844259
[0.44558734 0.41614372 0.44893495 0.47254561 0.42032269 0.40878184
 0.42757329 0.39705005 0.52009009 0.39461469 0.43642611 0.45693594
 0.40855447 0.40108425 0.42054673 0.38958641 0.08274028 0.14208341
 0.11122709 0.1586368  0.16661358 0.22206878 0.17542326 0.16100124
 0.21067524 0.16252488 0.04661465 0.04684696 0.04596354 0.07032177
 0.0502977  0.07032733 0.04672701 0.04756998 0.06830925 0.04757072
 0.06859455 0.04596197]
1642606285122172355
[0.44558735 0.41614375 0.44893496 0.47254564 0.42032266 0.4087818
 0.42757327 0.39705001 0.5200901  0.39461472 0.43642612 0.45693596
 0.40855445 0.40108422 0.42054671 0.38958638 0.0827403  0.14208339
 0.1112271  0.15863679 0.16635554 0.22222884 0.17565669 0.16074344
 0.21083018 0.16276399 0.04661464 0.04684695 0.04596355 0.07032177
 0.05029771 0.07032733 0.046727   0.04756999 0.06830925 0.04757073
 0.06859455 0.04596196]
1642606285143235445
[0.44558737 0.41614378 0.44893498 0.47254566 0.42032264 0.40878176
 0.42757326 0.39704997 0.52009011 0.39461474 0.43642613 0.45693598
 0.40855443 0.40108419 0.4205467  0.38958636 0.08274031 0.14208338
 0.11122711 0.15863679 0.16608507 0.22239559 0.17589999 0.1604731
 0.21099152 0.16301331 0.04661463 0.04684694 0.04596356 0.07032177
 0.05029772 0.07032733 0.04672699 0.04757    0.06830925 0.04757074
 0.06859455 0.04596195]
1642606285157233953
[0.44558738 0.41614381 0.448935   0.47254569 0.42032261 0.40878171
 0.42757324 0.39704993 0.52009012 0.39461476 0.43642615 0.456936
 0.40855441 0.40108416 0.42054669 0.38958633 0.08274033 0.14208337
 0.11122711 0.15863678 0.16580159 0.22256921 0.17615349 0.16018962
 0.21115942 0.1632732  0.04661462 0.04684693 0.04596357 0.07032177
 0.05029773 0.07032733 0.04672698 0.04757    0.06830925 0.04757075
 0.06859455 0.04596195]
1642606285171120166
[0.4455874  0.41614384 0.44893502 0.47254572 0.42032259 0.40878167
 0.42757322 0.39704989 0.52009013 0.39461478 0.43642616 0.45693602
 0.40855439 0.40108413 0.42054668 0.3895863  0.08274034 0.14208335
 0.11122712 0.15863677 0.16550451 0.22274992 0.17641753 0.15989239
 0.21133409 0.16354401 0.04661461 0.04684692 0.04596358 0.07032177
 0.05029773 0.07032733 0.04672698 0.04757001 0.06830925 0.04757076
 0.06859455 0.04596194]
1642606285192388057
[0.44558742 0.41614387 0.44893504 0.47254574 0.42032256 0.40878163
 0.42757321 0.39704985 0.52009014 0.3946148  0.43642617 0.45693604
 0.40855438 0.40108409 0.42054667 0.38958627 0.08274036 0.14208334
 0.11122713 0.15863676 0.16519319 0.2229379  0.17669243 0.15958075
 0.21151569 0.16382609 0.04661461 0.04684692 0.04596358 0.07032178
 0.05029774 0.07032733 0.04672697 0.04757002 0.06830925 0.04757077
 0.06859455 0.04596193]
1642606285204036235
[0.44558743 0.4161439  0.44893506 0.47254577 0.42032253 0.40878158
 0.42757319 0.39704981 0.52009015 0.39461482 0.43642619 0.45693606
 0.40855436 0.40108406 0.42054665 0.38958624 0.08274037 0.14208332
 0.11122714 0.15863675 0.164867   0.22313334 0.17697852 0.15925403
 0.21170437 0.16411979 0.0466146  0.04684691 0.04596359 0.07032178
 0.05029775 0.07032733 0.04672696 0.04757003 0.06830925 0.04757078
 0.06859455 0.04596192]
1642606285225383996
[0.44558745 0.41614393 0.44893507 0.4725458  0.42032251 0.40878154
 0.42757318 0.39704977 0.52009016 0.39461485 0.4364262  0.45693608
 0.40855434 0.40108403 0.42054664 0.38958621 0.08274039 0.14208331
 0.11122715 0.15863674 0.16452526 0.22333641 0.17727613 0.15891154
 0.21190029 0.16442548 0.04661459 0.0468469  0.0459636  0.07032178
 0.05029776 0.07032733 0.04672695 0.04757003 0.06830925 0.04757079
 0.06859455 0.04596192]
1642606285241768360
[0.44558746 0.41614396 0.44893509 0.47254582 0.42032248 0.4087815
 0.42757316 0.39704973 0.52009018 0.39461487 0.43642621 0.4569361
 0.40855432 0.401084   0.42054663 0.38958618 0.0827404  0.14208329
 0.11122716 0.15863673 0.16416728 0.22354725 0.17758555 0.15855256
 0.21210359 0.16474349 0.04661458 0.04684689 0.04596361 0.07032178
 0.05029776 0.07032733 0.04672694 0.04757004 0.06830925 0.04757079
 0.06859455 0.04596191]
1642606285253829002
[0.44558748 0.41614399 0.44893511 0.47254585 0.42032246 0.40878145
 0.42757314 0.39704969 0.52009019 0.39461489 0.43642623 0.45693612
 0.4085543  0.40108397 0.42054662 0.38958615 0.08274042 0.14208328
 0.11122717 0.15863673 0.16379236 0.22376601 0.1779071  0.15817634
 0.21231435 0.16507416 0.04661457 0.04684689 0.04596362 0.07032178
 0.05029777 0.07032733 0.04672693 0.04757005 0.06830925 0.0475708
 0.06859456 0.0459619 ]
1642606285274751424
[0.4455875  0.41614402 0.44893513 0.47254588 0.42032243 0.40878141
 0.42757313 0.39704965 0.5200902  0.39461491 0.43642624 0.45693614
 0.40855428 0.40108394 0.42054661 0.38958613 0.08274043 0.14208327
 0.11122718 0.15863672 0.16339977 0.22399279 0.17824106 0.15778212
 0.21253267 0.1654178  0.04661456 0.04684688 0.04596363 0.07032178
 0.05029778 0.07032733 0.04672692 0.04757005 0.06830925 0.04757081
 0.06859456 0.0459619 ]
1642606285291806459
[0.44558751 0.41614405 0.44893515 0.4725459  0.42032241 0.40878137
 0.42757311 0.39704961 0.52009021 0.39461493 0.43642625 0.45693616
 0.40855427 0.40108391 0.4205466  0.3895861  0.08274045 0.14208325
 0.11122718 0.15863671 0.16298876 0.22422766 0.17858768 0.15736911
 0.21275859 0.16577472 0.04661455 0.04684687 0.04596364 0.07032178
 0.05029779 0.07032733 0.04672691 0.04757006 0.06830925 0.04757082
 0.06859456 0.04596189]
1642606285321036815
[0.44558753 0.41614408 0.44893517 0.47254593 0.42032238 0.40878132
 0.42757309 0.39704957 0.52009022 0.39461495 0.43642627 0.45693618
 0.40855425 0.40108388 0.42054658 0.38958607 0.08274046 0.14208324
 0.11122719 0.1586367  0.16255858 0.22447066 0.17894721 0.15693651
 0.21299212 0.1661452  0.04661454 0.04684686 0.04596365 0.07032178
 0.05029779 0.07032733 0.0467269  0.04757007 0.06830925 0.04757083
 0.06859456 0.04596188]
1642606285337586402
[0.44558754 0.41614411 0.44893519 0.47254596 0.42032235 0.40878128
 0.42757308 0.39704953 0.52009023 0.39461498 0.43642628 0.45693619
 0.40855423 0.40108385 0.42054657 0.38958604 0.08274048 0.14208322
 0.1112272  0.15863669 0.16210846 0.22472177 0.17931986 0.1564835
 0.21323322 0.16652948 0.04661453 0.04684685 0.04596366 0.07032178
 0.0502978  0.07032733 0.04672689 0.04757007 0.06830925 0.04757084
 0.06859456 0.04596187]
1642606285354217290
[0.44558756 0.41614414 0.4489352  0.47254598 0.42032233 0.40878124
 0.42757306 0.39704949 0.52009024 0.394615   0.43642629 0.45693621
 0.40855421 0.40108382 0.42054656 0.38958601 0.08274049 0.14208321
 0.11122721 0.15863668 0.16163763 0.22498093 0.1797058  0.15600924
 0.21348178 0.16692779 0.04661452 0.04684685 0.04596366 0.07032178
 0.05029781 0.07032733 0.04672689 0.04757008 0.06830925 0.04757085
 0.06859456 0.04596187]
1642606285370594024
[0.44558757 0.41614417 0.44893522 0.47254601 0.4203223  0.4087812
 0.42757304 0.39704945 0.52009025 0.39461502 0.43642631 0.45693623
 0.40855419 0.40108379 0.42054655 0.38958598 0.08274051 0.14208319
 0.11122722 0.15863667 0.16114533 0.225248   0.18010514 0.15551291
 0.21373764 0.16734029 0.04661451 0.04684684 0.04596367 0.07032179
 0.05029782 0.07032733 0.04672688 0.04757009 0.06830925 0.04757086
 0.06859456 0.04596186]
1642606285387243986
[0.44558759 0.4161442  0.44893524 0.47254604 0.42032228 0.40878115
 0.42757303 0.39704941 0.52009026 0.39461504 0.43642632 0.45693625
 0.40855417 0.40108375 0.42054654 0.38958595 0.08274052 0.14208318
 0.11122723 0.15863667 0.16063078 0.22552276 0.18051797 0.15499367
 0.21400056 0.16776713 0.04661451 0.04684683 0.04596368 0.07032179
 0.05029782 0.07032733 0.04672687 0.0475701  0.06830925 0.04757087
 0.06859456 0.04596185]
1642606285402731657
[0.44558761 0.41614423 0.44893526 0.47254607 0.42032225 0.40878111
 0.42757301 0.39704937 0.52009027 0.39461506 0.43642633 0.45693627
 0.40855416 0.40108372 0.42054652 0.38958592 0.08274054 0.14208317
 0.11122724 0.15863666 0.16009324 0.22580491 0.1809443  0.15445069
 0.21427019 0.16820836 0.0466145  0.04684682 0.04596369 0.07032179
 0.05029783 0.07032733 0.04672686 0.0475701  0.06830925 0.04757088
 0.06859456 0.04596184]
1642606285420280694
[0.44558762 0.41614426 0.44893528 0.47254609 0.42032223 0.40878107
 0.42757299 0.39704933 0.52009028 0.39461508 0.43642635 0.45693629
 0.40855414 0.40108369 0.42054651 0.3895859  0.08274055 0.14208315
 0.11122725 0.15863665 0.15953198 0.22609402 0.18138407 0.15388315
 0.21454609 0.168664   0.04661449 0.04684682 0.0459637  0.07032179
 0.05029784 0.07032733 0.04672685 0.04757011 0.06830925 0.04757088
 0.06859456 0.04596184]
1642606285435584306
[0.44558764 0.41614429 0.4489353  0.47254612 0.4203222  0.40878102
 0.42757298 0.39704929 0.52009029 0.3946151  0.43642636 0.45693631
 0.40855412 0.40108366 0.4205465  0.38958587 0.08274057 0.14208314
 0.11122725 0.15863664 0.15894631 0.22638954 0.18183714 0.15329027
 0.21482768 0.16913396 0.04661448 0.04684681 0.04596371 0.07032179
 0.05029785 0.07032733 0.04672684 0.04757012 0.06830925 0.04757089
 0.06859456 0.04596183]
1642606285453336477
[0.44558765 0.41614432 0.44893532 0.47254615 0.42032218 0.40878098
 0.42757296 0.39704925 0.5200903  0.39461513 0.43642637 0.45693633
 0.4085541  0.40108363 0.42054649 0.38958584 0.08274058 0.14208312
 0.11122726 0.15863663 0.15833559 0.22669076 0.18230327 0.15267131
 0.21511422 0.16961807 0.04661447 0.0468468  0.04596372 0.07032179
 0.05029785 0.07032733 0.04672683 0.04757012 0.06830925 0.0475709
 0.06859456 0.04596182]
1642606285469708204
[0.44558767 0.41614435 0.44893533 0.47254617 0.42032215 0.40878094
 0.42757294 0.39704921 0.52009032 0.39461515 0.43642639 0.45693635
 0.40855408 0.4010836  0.42054648 0.38958581 0.0827406  0.14208311
 0.11122727 0.15863662 0.15769924 0.2269968  0.18278213 0.15202557
 0.21540482 0.17011608 0.04661446 0.04684679 0.04596373 0.07032179
 0.05029786 0.07032733 0.04672682 0.04757013 0.06830925 0.04757091
 0.06859457 0.04596182]
1642606285486255168
[0.44558769 0.41614438 0.44893535 0.4725462  0.42032212 0.40878089
 0.42757293 0.39704917 0.52009033 0.39461517 0.4364264  0.45693637
 0.40855406 0.40108357 0.42054647 0.38958578 0.08274061 0.14208309
 0.11122728 0.15863662 0.15703678 0.22730657 0.18327324 0.15135242
 0.21569838 0.17062759 0.04661445 0.04684678 0.04596373 0.07032179
 0.05029787 0.07032733 0.04672681 0.04757014 0.06830925 0.04757092
 0.06859457 0.04596181]
1642606285503010034
[0.4455877  0.41614441 0.44893537 0.47254623 0.4203221  0.40878085
 0.42757291 0.39704913 0.52009034 0.39461519 0.43642641 0.45693639
 0.40855405 0.40108354 0.42054645 0.38958575 0.08274063 0.14208308
 0.11122729 0.15863661 0.1563478  0.22761874 0.183776   0.15065134
 0.21599357 0.17115207 0.04661444 0.04684678 0.04596374 0.07032179
 0.05029788 0.07032733 0.04672681 0.04757015 0.06830925 0.04757093
 0.06859457 0.0459618 ]
1642606285519599914
[0.44558772 0.41614444 0.44893539 0.47254625 0.42032207 0.40878081
 0.4275729  0.39704909 0.52009035 0.39461521 0.43642643 0.45693641
 0.40855403 0.40108351 0.42054644 0.38958572 0.08274064 0.14208307
 0.1112273  0.1586366  0.15563205 0.22793171 0.18428965 0.14992192
 0.2162888  0.17168885 0.04661443 0.04684677 0.04596375 0.07032179
 0.05029788 0.07032733 0.0467268  0.04757015 0.06830925 0.04757094
 0.06859457 0.04596179]
1642606285536571741
[0.44558773 0.41614447 0.44893541 0.47254628 0.42032205 0.40878077
 0.42757288 0.39704905 0.52009036 0.39461523 0.43642644 0.45693642
 0.40855401 0.40108348 0.42054643 0.38958569 0.08274066 0.14208305
 0.11122731 0.15863659 0.15488944 0.22824355 0.18481323 0.14916388
 0.21658219 0.17223708 0.04661442 0.04684676 0.04596376 0.0703218
 0.05029789 0.07032733 0.04672679 0.04757016 0.06830925 0.04757095
 0.06859457 0.04596179]
1642606285552877664
[0.44558775 0.4161445  0.44893543 0.47254631 0.42032202 0.40878072
 0.42757286 0.39704901 0.52009037 0.39461525 0.43642645 0.45693644
 0.40855399 0.40108345 0.42054642 0.38958567 0.08274067 0.14208304
 0.11122731 0.15863658 0.15412003 0.228552   0.18534561 0.14837715
 0.21687152 0.17279571 0.04661441 0.04684675 0.04596377 0.0703218
 0.0502979  0.07032733 0.04672678 0.04757017 0.06830925 0.04757096
 0.06859457 0.04596178]
1642606285569393634
[0.44558777 0.41614453 0.44893544 0.47254633 0.420322   0.40878068
 0.42757285 0.39704897 0.52009038 0.39461528 0.43642647 0.45693646
 0.40855397 0.40108341 0.42054641 0.38958564 0.08274069 0.14208302
 0.11122732 0.15863657 0.15332416 0.22885438 0.18588543 0.14756183
 0.2171542  0.17336347 0.04661441 0.04684675 0.04596378 0.0703218
 0.05029791 0.07032733 0.04672677 0.04757017 0.06830925 0.04757096
 0.06859457 0.04596177]
1642606285586322069
[0.44558778 0.41614456 0.44893546 0.47254636 0.42032197 0.40878064
 0.42757283 0.39704893 0.52009039 0.3946153  0.43642648 0.45693648
 0.40855395 0.40108338 0.42054639 0.38958561 0.0827407  0.14208301
 0.11122733 0.15863656 0.15250242 0.22914758 0.18643106 0.14671833
 0.21742723 0.17393885 0.0466144  0.04684674 0.04596379 0.0703218
 0.05029791 0.07032733 0.04672676 0.04757018 0.06830925 0.04757097
 0.06859457 0.04596177]
1642606285602747201
[0.4455878  0.41614459 0.44893548 0.47254639 0.42032194 0.40878059
 0.42757281 0.39704889 0.5200904  0.39461532 0.43642649 0.4569365
 0.40855394 0.40108335 0.42054638 0.38958558 0.08274072 0.14208299
 0.11122734 0.15863656 0.15165571 0.229428   0.18698062 0.14584731
 0.21768715 0.1745201  0.04661439 0.04684673 0.0459638  0.0703218
 0.05029792 0.07032733 0.04672675 0.04757019 0.06830925 0.04757098
 0.06859457 0.04596176]
1642606285620970010
[0.44558781 0.41614462 0.4489355  0.47254641 0.42032192 0.40878055
 0.4275728  0.39704885 0.52009041 0.39461534 0.43642651 0.45693652
 0.40855392 0.40108332 0.42054637 0.38958555 0.08274073 0.14208298
 0.11122735 0.15863655 0.15078532 0.22969151 0.18753194 0.14494984
 0.21793004 0.17510512 0.04661438 0.04684672 0.04596381 0.0703218
 0.05029793 0.07032733 0.04672674 0.04757019 0.06830925 0.04757099
 0.06859457 0.04596175]
